-0.012810
0.000232
0.012200
0.019790
0.020420
0.022250
0.029170
0.032590
-0.000753
-0.027130
-0.028980
-0.004666
0.018480
0.020960
0.009335
-0.000111
-0.010350
-0.029990
-0.028790
-0.031310
-0.016330
0.010960
0.009403
-0.017530
-0.024920
-0.024140
-0.009230
-0.005958
-0.015150
-0.014270
-0.008473
-0.013990
0.003018
0.017100
0.015130
0.004394
-0.006170
-0.017230
-0.009819
0.002205
0.020080
0.023730
0.010670
-0.005701
-0.007582
-0.009539
-0.008586
-0.004586
0.000992
0.007116
0.006392
-0.003984
-0.011230
-0.014770
-0.009983
0.000408
-0.000051
-0.010840
-0.018750
-0.022490
-0.022700
-0.019260
-0.015210
-0.015230
-0.020890
-0.030870
-0.035310
-0.031000
-0.026480
-0.021950
-0.023940
-0.034860
-0.044050
-0.045370
-0.039800
-0.035380
-0.036300
-0.038510
-0.043000
-0.048810
-0.052670
-0.051200
-0.046360
-0.042900
-0.043150
-0.046580
-0.048910
-0.048780
-0.047600
-0.045240
-0.045970
-0.049110
-0.050620
-0.050250
-0.048020
-0.045750
-0.043850
-0.042260
-0.043320
-0.044440
-0.042330
-0.037730
-0.033620
-0.031830
-0.030840
-0.030160
-0.029440
-0.026910
-0.024210
-0.021510
-0.017400
-0.014710
-0.013390
-0.011590
-0.009393
-0.006025
-0.001666
0.002715
0.006973
0.010220
0.013320
0.016920
0.021210
0.025380
0.028660
0.031140
0.032620
0.033690
0.036290
0.040930
0.047950
0.053380
0.055690
0.057520
0.060570
0.064930
0.069170
0.073690
0.078740
0.080410
0.079930
0.080770
0.084070
0.089260
0.092630
0.094430
0.096790
0.098650
0.100900
0.103600
0.106300
0.109300
0.109800
0.109200
0.110700
0.113600
0.116200
0.117600
0.119500
0.120300
0.117100
0.114200
0.113900
0.115200
0.116800
0.116300
0.116500
0.117400
0.115200
0.112600
0.112400
0.113800
0.114600
0.112000
0.107300
0.102300
0.098630
0.097740
0.097250
0.095220
0.090850
0.086370
0.084310
0.082790
0.080550
0.078500
0.075540
0.071450
0.065670
0.060040
0.056150
0.053100
0.049190
0.044030
0.038960
0.035330
0.031570
0.026920
0.021270
0.016120
0.012730
0.009891
0.004795
-0.001829
-0.006582
-0.009155
-0.012540
-0.017100
-0.023080
-0.030170
-0.036520
-0.041930
-0.046220
-0.049720
-0.053450
-0.056630
-0.061040
-0.066920
-0.071450
-0.074810
-0.077610
-0.080590
-0.084770
-0.089150
-0.093910
-0.098230
-0.102000
-0.106000
-0.108500
-0.111400
-0.115600
-0.118800
-0.121300
-0.122600
-0.123800
-0.125300
-0.127000
-0.130200
-0.133100
-0.133200
-0.133700
-0.134700
-0.135800
-0.138200
-0.141800
-0.144200
-0.144500
-0.143200
-0.141600
-0.139700
-0.139500
-0.139900
-0.139200
-0.137800
-0.135700
-0.134000
-0.133100
-0.132700
-0.133400
-0.132600
-0.130500
-0.128000
-0.124600
-0.121300
-0.119600
-0.118100
-0.115500
-0.111500
-0.107100
-0.101900
-0.098310
-0.097340
-0.095850
-0.091880
-0.086620
-0.081050
-0.077130
-0.074340
-0.073000
-0.071110
-0.066240
-0.060210
-0.054740
-0.049360
-0.045130
-0.041650
-0.037840
-0.032010
-0.025710
-0.019680
-0.014380
-0.011620
-0.009441
-0.005197
-0.001960
0.001338
0.006417
0.012930
0.019090
0.023030
0.026870
0.032770
0.038540
0.043650
0.047740
0.051670
0.055310
0.058490
0.062220
0.066110
0.070150
0.074890
0.077650
0.079700
0.082070
0.085300
0.091710
0.099120
0.102500
0.103000
0.103600
0.106600
0.110500
0.115000
0.119200
0.120600
0.119500
0.118500
0.119300
0.123300
0.126600
0.129000
0.130100
0.129000
0.129400
0.132400
0.135400
0.138100
0.138200
0.136300
0.135200
0.135300
0.135000
0.134200
0.133200
0.132700
0.131900
0.131000
0.129400
0.127600
0.127200
0.128000
0.129300
0.129300
0.126700
0.123200
0.119300
0.116100
0.114500
0.113200
0.110700
0.107800
0.104000
0.099370
0.096340
0.094950
0.093380
0.090800
0.087310
0.084620
0.082170
0.079760
0.077630
0.073780
0.067640
0.061940
0.056520
0.051970
0.049080
0.047160
0.044910
0.040390
0.033720
0.029280
0.026880
0.024610
0.021440
0.016540
0.010560
0.005709
0.001950
-0.000366
-0.003505
-0.008918
-0.015340
-0.021150
-0.025970
-0.029850
-0.033600
-0.036780
-0.041300
-0.046180
-0.048210
-0.048370
-0.050020
-0.055000
-0.061880
-0.067030
-0.070630
-0.073730
-0.077350
-0.082400
-0.087200
-0.091230
-0.094590
-0.096300
-0.098010
-0.099050
-0.100600
-0.103500
-0.105200
-0.107100
-0.110500
-0.114200
-0.118300
-0.120700
-0.120900
-0.122000
-0.125200
-0.129300
-0.131500
-0.130200
-0.128500
-0.128800
-0.131700
-0.134400
-0.134400
-0.132900
-0.131400
-0.130900
-0.131300
-0.132400
-0.134200
-0.134400
-0.133400
-0.133100
-0.133600
-0.134800
-0.134400
-0.130300
-0.125000
-0.120400
-0.119800
-0.121900
-0.122000
-0.118900
-0.114200
-0.109400
-0.107600
-0.108300
-0.109400
-0.108200
-0.104000
-0.098230
-0.093280
-0.090790
-0.089630
-0.087050
-0.082940
-0.077160
-0.072210
-0.069020
-0.066380
-0.063360
-0.058940
-0.053690
-0.050720
-0.048530
-0.046000
-0.043390
-0.039710
-0.034270
-0.028200
-0.023300
-0.019390
-0.014800
-0.009882
-0.004292
0.001025
0.004766
0.008316
0.012020
0.015940
0.019980
0.022840
0.025300
0.028550
0.033770
0.040200
0.045720
0.050250
0.053920
0.057610
0.062550
0.067400
0.072610
0.077060
0.078550
0.079720
0.082200
0.085970
0.091180
0.094660
0.096530
0.098150
0.099970
0.102900
0.107200
0.112600
0.117700
0.120800
0.122600
0.122900
0.123500
0.125000
0.127500
0.130300
0.130700
0.128600
0.127600
0.128700
0.131900
0.135200
0.137300
0.138100
0.137800
0.138000
0.140100
0.141300
0.140600
0.137500
0.135200
0.134700
0.134300
0.133300
0.132300
0.130800
0.129000
0.126900
0.126400
0.126000
0.124900
0.123900
0.122000
0.119900
0.118500
0.115600
0.111900
0.107700
0.103900
0.101500
0.099980
0.096970
0.092060
0.085830
0.081270
0.078740
0.078130
0.077320
0.075450
0.071820
0.066340
0.061640
0.058500
0.054330
0.050160
0.044810
0.038730
0.033070
0.027620
0.022940
0.019200
0.015830
0.013250
0.009772
0.007239
0.005563
0.002027
-0.003329
-0.009253
-0.015620
-0.021310
-0.027070
-0.030770
-0.033380
-0.037550
-0.042930
-0.048640
-0.053740
-0.056580
-0.058920
-0.061180
-0.064440
-0.067740
-0.071720
-0.075910
-0.078010
-0.080020
-0.085770
-0.091380
-0.096240
-0.100100
-0.103200
-0.106700
-0.109900
-0.111800
-0.113800
-0.114400
-0.115100
-0.116100
-0.118000
-0.121200
-0.123800
-0.124400
-0.125400
-0.128400
-0.133000
-0.135600
-0.137800
-0.139100
-0.137800
-0.136700
-0.138400
-0.140300
-0.140100
-0.136800
-0.135000
-0.135100
-0.135600
-0.136100
-0.135800
-0.135300
-0.134700
-0.133600
-0.134300
-0.135600
-0.136500
-0.134300
-0.130100
-0.127300
-0.126100
-0.124500
-0.123200
-0.120600
-0.115700
-0.109100
-0.105000
-0.103000
-0.103300
-0.105800
-0.106400
-0.102700
-0.098920
-0.095530
-0.092840
-0.089550
-0.084990
-0.079490
-0.073470
-0.068270
-0.065040
-0.061860
-0.058300
-0.053610
-0.050020
-0.047790
-0.046190
-0.044580
-0.040460
-0.034190
-0.029440
-0.024640
-0.020760
-0.018180
-0.014060
-0.007463
-0.000565
0.005421
0.009902
0.014570
0.018620
0.022490
0.026180
0.028930
0.031130
0.034190
0.037540
0.042440
0.048270
0.053250
0.056740
0.061660
0.067580
0.072110
0.076250
0.082280
0.087860
0.091130
0.092320
0.093980
0.096640
0.098570
0.100100
0.103400
0.106900
0.110600
0.113700
0.117000
0.122000
0.127200
0.130800
0.133900
0.134900
0.135200
0.136000
0.137200
0.138900
0.140100
0.139800
0.141100
0.142600
0.143300
0.143500
0.145000
0.146600
0.148400
0.150200
0.150500
0.149400
0.149700
0.149500
0.149500
0.150200
0.150200
0.147000
0.141700
0.137000
0.135100
0.134600
0.135600
0.136400
0.135700
0.133400
0.131800
0.131400
0.131400
0.128900
0.123900
0.118300
0.114700
0.110900
0.107000
0.103100
0.098840
0.094620
0.091080
0.088970
0.089290
0.087220
0.083040
0.078900
0.074970
0.070950
0.066760
0.061740
0.057550
0.052430
0.046340
0.039560
0.033830
0.029610
0.025650
0.021610
0.019180
0.016460
0.012380
0.006716
0.002539
-0.000567
-0.003811
-0.008207
-0.014260
-0.021900
-0.028640
-0.035100
-0.040090
-0.044530
-0.049460
-0.054270
-0.058120
-0.060710
-0.062000
-0.065250
-0.068980
-0.074290
-0.080540
-0.085910
-0.089720
-0.092580
-0.095890
-0.102400
-0.108600
-0.113400
-0.116400
-0.119800
-0.123600
-0.127400
-0.129500
-0.130500
-0.130600
-0.132100
-0.134000
-0.137500
-0.140500
-0.142500
-0.145000
-0.150300
-0.155400
-0.160400
-0.162600
-0.162600
-0.160900
-0.160600
-0.161900
-0.163300
-0.163400
-0.162500
-0.159500
-0.157600
-0.157800
-0.160800
-0.164500
-0.166300
-0.165700
-0.166000
-0.166700
-0.166900
-0.165800
-0.164000
-0.161000
-0.156400
-0.151800
-0.150900
-0.150500
-0.147900
-0.144700
-0.142800
-0.140700
-0.138300
-0.136100
-0.135500
-0.134800
-0.132000
-0.128000
-0.125000
-0.122100
-0.118900
-0.114700
-0.110000
-0.103800
-0.096330
-0.088960
-0.083870
-0.080880
-0.078510
-0.075250
-0.073430
-0.071000
-0.066760
-0.061960
-0.058160
-0.052870
-0.047050
-0.041020
-0.034830
-0.026480
-0.017210
-0.007743
-0.000763
0.002297
0.001556
0.001936
0.005845
0.013690
0.021290
0.026060
0.028300
0.031870
0.044850
0.065000
0.071350
0.060110
0.046070
0.051280
0.077860
0.099620
0.104400
0.101100
0.096800
0.104700
0.118500
0.120900
0.115100
0.113000
0.119400
0.122300
0.118400
0.136900
0.172000
0.174600
0.140500
0.118200
0.147400
0.207400
0.224200
0.176900
0.129200
0.146500
0.213900
0.244300
0.192200
0.125900
0.127500
0.186800
0.219300
0.201900
0.197800
0.245700
0.274400
0.214200
0.138900
0.139900
0.216100
0.285900
0.257600
0.174100
0.146700
0.196600
0.244900
0.206700
0.163500
0.201400
0.241000
0.213000
0.155800
0.164700
0.257300
0.322200
0.265900
0.124200
0.024060
0.082170
0.234000
0.308100
0.242300
0.132000
0.099650
0.151200
0.183500
0.149200
0.112200
0.121200
0.161700
0.184100
0.163100
0.146400
0.146200
0.124200
0.095210
0.062080
0.010190
-0.009291
0.053930
0.163700
0.173000
0.092420
0.086320
0.092120
0.006108
-0.051750
-0.024680
0.026700
0.035330
-0.008202
-0.052300
-0.030700
0.093120
0.180700
0.064140
-0.170700
-0.305100
-0.238000
-0.081900
0.010610
0.019700
0.025160
0.060030
0.014680
-0.151000
-0.305900
-0.345700
-0.250400
-0.152200
-0.123400
-0.061720
0.018490
0.005076
-0.137800
-0.338400
-0.420800
-0.348800
-0.254800
-0.233000
-0.248300
-0.191700
-0.074520
-0.010020
-0.085920
-0.322500
-0.569200
-0.621100
-0.452800
-0.237500
-0.187500
-0.234500
-0.149500
-0.064170
-0.188600
-0.429400
-0.577100
-0.555700
-0.482600
-0.406200
-0.265000
-0.187200
-0.257200
-0.352500
-0.384100
-0.326900
-0.235000
-0.311700
-0.539300
-0.635000
-0.479500
-0.192400
-0.069250
-0.228500
-0.416300
-0.445600
-0.386700
-0.329600
-0.254000
-0.094530
-0.032460
-0.169000
-0.356900
-0.484700
-0.394300
-0.174800
-0.087900
-0.137600
-0.251500
-0.360200
-0.329800
-0.185400
0.055980
0.287600
0.280900
-0.001341
-0.372000
-0.525600
-0.343400
-0.027350
0.217400
0.234500
-0.059760
-0.429300
-0.488800
-0.090440
0.446300
0.581400
0.266900
-0.072410
-0.197000
-0.140700
0.021440
0.223700
0.405900
0.422100
0.173600
-0.164400
-0.352900
-0.258400
0.094070
0.480300
0.679900
0.642000
0.423500
0.149800
-0.087150
-0.158100
0.062820
0.401400
0.505700
0.276200
0.052250
0.233500
0.650800
0.681900
0.151400
-0.406500
-0.402600
0.120900
0.657900
0.878200
0.850800
0.701000
0.481200
0.224100
-0.051490
-0.267300
-0.255500
0.115400
0.810600
1.417000
1.394000
0.702400
-0.047960
-0.298300
-0.044090
0.421700
0.777300
0.746500
0.528500
0.463300
0.531200
0.691000
0.837900
0.689500
0.325100
0.050800
0.081210
0.452900
0.837200
0.993100
0.998200
0.816700
0.465300
0.117400
-0.045580
0.111400
0.567600
1.039000
1.168000
0.842400
0.340000
0.088020
0.325500
0.852000
1.087000
0.622100
-0.182100
-0.519800
-0.069460
0.748200
1.265000
1.220000
0.867000
0.448000
0.076870
-0.114500
0.080380
0.610700
0.911000
0.637700
0.170300
-0.084320
-0.186300
-0.316900
-0.422800
-0.388600
-0.387900
-0.666000
-1.135000
-1.446000
-1.286000
-0.709200
-0.164300
-0.168100
-0.721900
-1.289000
-1.379000
-0.867900
-0.194100
-0.074090
-0.642900
-1.291000
-1.424000
-1.118000
-0.930200
-1.090000
-1.260000
-1.122000
-0.836400
-0.723900
-0.838300
-0.998600
-0.954500
-0.643800
-0.403600
-0.537100
-0.950800
-1.210000
-1.071000
-0.882000
-0.851700
-0.851500
-0.851600
-0.905100
-1.095000
-1.163000
-0.773900
-0.203800
-0.003961
-0.331400
-0.667800
-0.707000
-0.720600
-0.908000
-1.169000
-1.157000
-0.620200
0.092290
0.496400
0.427400
0.103900
-0.227200
-0.585700
-0.921600
-0.832300
-0.237000
0.276100
0.221500
-0.081560
-0.105500
0.085590
0.111400
-0.046330
-0.193900
-0.246000
-0.142600
0.133900
0.211200
-0.308700
-1.059000
-1.216000
-0.618600
0.167100
0.633700
0.586500
0.067800
-0.524000
-0.735700
-0.363500
0.126600
0.081760
-0.218000
-0.093520
0.408900
0.848100
0.976500
0.694000
0.021690
-0.550400
-0.435600
0.341000
0.828700
0.546600
0.378500
0.700100
1.005000
1.125000
1.176000
1.321000
1.381000
1.056000
0.785800
0.906100
1.175000
1.077000
0.647200
0.294300
0.298600
0.748700
1.619000
2.375000
2.428000
1.739000
0.889700
0.253400
-0.105100
0.169100
1.122000
1.732000
1.428000
0.874200
0.856500
1.359000
1.779000
1.839000
1.467000
0.710500
0.045280
0.322100
1.225000
1.150000
0.110600
-0.374700
0.326400
1.501000
1.826000
1.370000
0.988300
0.508900
-0.041920
-0.042510
0.217000
0.185900
-0.078940
-0.067240
0.205600
0.438500
0.771300
1.080000
0.445400
-0.953200
-1.374000
0.024810
1.328000
0.591000
-1.028000
-1.087000
0.186700
0.553800
-0.173000
-0.736400
-0.690700
-0.294100
0.089570
0.621600
1.014000
0.092260
-1.609000
-2.654000
-2.246000
-0.805800
0.475300
1.264000
1.399000
1.018000
1.195000
1.500000
0.719400
-1.160000
-3.065000
-3.607000
-2.851000
-1.621000
0.133900
1.659000
1.685000
0.402600
-0.948300
-1.287000
-1.160000
-1.552000
-1.985000
-2.105000
-1.932000
-1.620000
-1.327000
-0.676000
0.230600
0.568200
0.348300
-0.204100
-1.010000
-1.951000
-3.049000
-3.720000
-2.956000
-1.624000
-0.973000
-0.551800
0.235700
1.426000
1.886000
0.632300
-1.103000
-2.484000
-4.059000
-5.117000
-4.427000
-2.033000
0.515000
1.514000
1.064000
0.565800
0.601100
0.880200
0.658200
-0.655100
-2.926000
-4.458000
-3.861000
-2.046000
-0.270500
1.043000
1.250000
0.614200
-0.283000
-0.757500
0.127300
1.204000
0.533500
-1.432000
-2.930000
-2.928000
-1.503000
0.351500
1.537000
1.594000
1.098000
0.767600
0.969800
1.152000
0.309800
-1.495000
-2.982000
-2.912000
-1.239000
0.821400
2.478000
3.113000
2.151000
0.316600
-0.604200
0.521900
2.247000
1.788000
-0.369400
-1.441000
-0.465300
0.845200
0.672700
-0.518700
-0.970300
-0.227700
1.281000
2.961000
4.016000
3.647000
2.293000
1.526000
1.716000
1.551000
0.591300
-0.283400
-0.378100
0.033120
0.950300
2.388000
3.103000
1.926000
0.377500
0.922700
3.808000
6.403000
6.452000
4.705000
3.008000
1.618000
0.280400
-0.194500
0.634700
1.603000
1.815000
1.946000
2.813000
3.640000
3.541000
3.234000
3.784000
4.647000
4.484000
3.632000
3.570000
4.143000
4.316000
3.843000
2.754000
1.400000
0.101200
-0.868500
-1.104000
-1.178000
-2.450000
-4.662000
-5.801000
-4.750000
-2.447000
-0.615500
-0.379700
-1.371000
-2.188000
-2.073000
-1.541000
-1.750000
-3.127000
-4.682000
-5.404000
-5.011000
-3.984000
-3.264000
-3.036000
-2.799000
-2.302000
-1.695000
-1.481000
-2.134000
-3.543000
-4.840000
-4.868000
-3.424000
-1.787000
-1.563000
-2.540000
-2.980000
-2.204000
-1.163000
-1.256000
-2.821000
-4.604000
-5.014000
-3.678000
-1.525000
0.071780
0.445000
0.016970
-0.595000
-1.133000
-1.237000
-0.538100
0.579300
1.021000
0.149900
-1.402000
-2.454000
-2.417000
-1.168000
1.063000
3.506000
5.199000
5.553000
4.614000
2.850000
0.928900
-0.336800
-0.705400
-0.670800
-0.388700
0.626500
2.610000
4.527000
5.027000
4.220000
2.927000
1.447000
-0.244000
-1.987000
-3.090000
-3.102000
-2.351000
-1.276000
-0.316300
0.460300
1.449000
2.787000
4.097000
4.770000
4.475000
3.223000
0.981400
-1.767000
-3.818000
-4.052000
-2.505000
-0.420900
1.169000
2.366000
3.521000
4.409000
4.361000
3.096000
1.229000
-0.354400
-1.360000
-1.871000
-1.968000
-1.728000
-1.234000
-0.580200
0.383700
1.929000
3.662000
4.587000
3.995000
2.039000
-0.260900
-1.918000
-2.616000
-2.485000
-1.886000
-1.160000
-0.246900
0.813500
1.561000
1.640000
1.266000
0.912700
0.630800
0.127900
-0.561800
-1.191000
-1.715000
-2.264000
-2.566000
-2.044000
-0.793100
0.370200
0.738400
0.173900
-0.884900
-1.779000
-2.055000
-1.862000
-1.762000
-1.999000
-2.163000
-1.830000
-1.257000
-1.035000
-1.178000
-1.350000
-1.539000
-1.825000
-2.027000
-2.091000
-2.176000
-2.352000
-2.455000
-2.252000
-1.702000
-0.958500
-0.150900
0.441100
0.565700
0.391000
0.143200
-0.168500
-0.524100
-0.761400
-0.614800
-0.125600
0.294900
0.494600
0.767300
1.355000
2.189000
2.952000
3.450000
3.711000
3.821000
3.919000
3.974000
3.685000
3.131000
2.705000
2.573000
2.552000
2.407000
2.268000
2.391000
2.658000
2.736000
2.397000
1.653000
0.791600
0.256000
0.276500
0.673500
0.987900
0.828000
0.164600
-0.549400
-0.682700
0.090070
1.395000
2.316000
2.318000
1.663000
0.792500
-0.002663
-0.583600
-0.830000
-0.736300
-0.536700
-0.320900
0.063710
0.486600
0.627000
0.386900
-0.076700
-0.560300
-0.946300
-1.181000
-1.213000
-1.161000
-1.199000
-1.301000
-1.412000
-1.526000
-1.499000
-1.189000
-0.724600
-0.448200
-0.596800
-1.022000
-1.417000
-1.650000
-1.608000
-1.271000
-0.878300
-0.681100
-0.790900
-1.104000
-1.338000
-1.348000
-1.202000
-1.040000
-1.070000
-1.405000
-1.878000
-2.247000
-2.277000
-1.770000
-0.910800
-0.226400
-0.063120
-0.361400
-0.770900
-0.999600
-1.050000
-0.978800
-0.869200
-0.950900
-1.205000
-1.318000
-1.048000
-0.475900
0.030770
0.179600
-0.087760
-0.655400
-1.223000
-1.498000
-1.407000
-1.133000
-0.879600
-0.741000
-0.748400
-0.817400
-0.823300
-0.699900
-0.449200
-0.306100
-0.440500
-0.680100
-0.848900
-0.931900
-0.924500
-0.744100
-0.326500
0.175600
0.533900
0.697400
0.743600
0.697000
0.548500
0.372000
0.180200
-0.077520
-0.277200
-0.209900
0.195000
0.721100
1.025000
1.015000
0.814500
0.633600
0.665000
0.914200
1.183000
1.220000
0.981600
0.704600
0.659600
0.983900
1.531000
1.927000
1.909000
1.513000
1.062000
0.836900
0.887300
1.215000
1.672000
1.985000
2.052000
1.960000
1.912000
1.994000
2.035000
1.852000
1.407000
0.804100
0.290400
0.103800
0.318900
0.799800
1.315000
1.607000
1.543000
1.202000
0.816300
0.607800
0.549200
0.375300
-0.104500
-0.844400
-1.521000
-1.734000
-1.333000
-0.530200
0.218600
0.525300
0.367700
0.007166
-0.189300
-0.065060
0.139600
0.077330
-0.320300
-0.799000
-1.029000
-0.847800
-0.293600
0.355500
0.730400
0.669500
0.330100
0.033510
-0.063860
-0.053200
-0.042260
-0.090330
-0.165400
-0.137400
0.065430
0.383600
0.652400
0.680600
0.456100
0.129700
-0.145300
-0.267700
-0.223800
-0.098770
0.038990
0.182100
0.373500
0.611800
0.739000
0.632800
0.372800
0.127100
-0.023170
-0.178200
-0.395000
-0.534100
-0.494900
-0.303900
-0.016190
0.262500
0.378700
0.236500
-0.098890
-0.412900
-0.585900
-0.684800
-0.789000
-0.927000
-1.111000
-1.205000
-0.972600
-0.446900
-0.006794
-0.008014
-0.385700
-0.770800
-0.943700
-0.905700
-0.751300
-0.646500
-0.702200
-0.894500
-1.039000
-0.963300
-0.718300
-0.501700
-0.467000
-0.602100
-0.794700
-0.913300
-0.902800
-0.894000
-1.064000
-1.354000
-1.536000
-1.448000
-1.088000
-0.683900
-0.488000
-0.496000
-0.593000
-0.695500
-0.744000
-0.726700
-0.683300
-0.619500
-0.565500
-0.529100
-0.441600
-0.338400
-0.319700
-0.387600
-0.476900
-0.489900
-0.385600
-0.261100
-0.270900
-0.437700
-0.617500
-0.644100
-0.442800
-0.104200
0.171000
0.263500
0.152200
-0.029630
-0.082480
0.031470
0.166900
0.168800
0.014890
-0.090890
0.070390
0.478000
0.887400
1.001000
0.772800
0.521800
0.513300
0.718000
0.956400
1.031000
0.852300
0.541900
0.331200
0.356500
0.487600
0.474900
0.281900
0.139100
0.251800
0.592200
0.906800
0.967000
0.785800
0.569000
0.525400
0.699400
0.941400
1.092000
1.110000
1.067000
1.050000
1.079000
1.117000
1.124000
1.097000
1.063000
1.053000
1.081000
1.086000
0.981500
0.819200
0.696300
0.668100
0.734400
0.761000
0.643900
0.423600
0.187800
0.063710
0.151600
0.387900
0.558400
0.525600
0.351500
0.179700
0.110200
0.135700
0.190600
0.209200
0.149700
0.038930
-0.014170
0.019890
0.018260
-0.118400
-0.378900
-0.646600
-0.754500
-0.623400
-0.333100
-0.108100
-0.130800
-0.318300
-0.469600
-0.480800
-0.416400
-0.408100
-0.499000
-0.635000
-0.689700
-0.567700
-0.343500
-0.183300
-0.156500
-0.172000
-0.105600
0.044800
0.205600
0.275000
0.149200
-0.149600
-0.450500
-0.591900
-0.542200
-0.399200
-0.295700
-0.264700
-0.208700
-0.065200
0.119500
0.241000
0.197200
-0.007810
-0.253400
-0.438000
-0.566300
-0.686700
-0.825200
-0.948400
-0.964300
-0.816100
-0.562500
-0.294800
-0.101500
-0.080870
-0.250300
-0.502500
-0.695800
-0.765200
-0.769400
-0.736900
-0.655600
-0.546500
-0.440100
-0.365900
-0.326400
-0.294500
-0.290200
-0.284600
-0.244100
-0.229500
-0.258100
-0.265500
-0.220700
-0.125600
-0.012020
0.085640
0.140800
0.154400
0.150300
0.171200
0.230400
0.245100
0.169400
0.059190
-0.032900
-0.055870
0.031670
0.209800
0.387200
0.438900
0.330400
0.155500
0.028530
-0.006043
0.031760
0.076190
0.065610
0.014430
-0.013580
0.019020
0.103300
0.204500
0.320700
0.459300
0.566900
0.613900
0.627600
0.599600
0.521200
0.376000
0.224500
0.221000
0.395800
0.655000
0.917900
1.107000
1.173000
1.122000
1.015000
0.933600
0.896900
0.875700
0.855400
0.809400
0.709400
0.586700
0.546800
0.630600
0.746500
0.791500
0.721900
0.544500
0.292300
0.014830
-0.215000
-0.375300
-0.516400
-0.665600
-0.795100
-0.841200
-0.754300
-0.551500
-0.324300
-0.211400
-0.318400
-0.586100
-0.856000
-1.070000
-1.242000
-1.383000
-1.508000
-1.575000
-1.522000
-1.325000
-1.021000
-0.723800
-0.578300
-0.641500
-0.844600
-1.025000
-1.103000
-1.130000
-1.150000
-1.179000
-1.226000
-1.275000
-1.296000
-1.247000
-1.108000
-0.928500
-0.777500
-0.687100
-0.670000
-0.736500
-0.824200
-0.844600
-0.771400
-0.615200
-0.429400
-0.310800
-0.296000
-0.355400
-0.404500
-0.341600
-0.194000
-0.072000
0.009615
0.080330
0.154300
0.261600
0.435500
0.638900
0.777200
0.807600
0.789100
0.783900
0.816200
0.918200
1.066000
1.179000
1.223000
1.223000
1.241000
1.294000
1.337000
1.310000
1.220000
1.122000
1.091000
1.186000
1.363000
1.502000
1.530000
1.448000
1.323000
1.261000
1.284000
1.357000
1.425000
1.421000
1.355000
1.324000
1.377000
1.486000
1.584000
1.636000
1.648000
1.613000
1.511000
1.351000
1.163000
1.012000
0.942500
0.914100
0.865500
0.778100
0.654100
0.548300
0.514700
0.534300
0.535500
0.456300
0.289800
0.098550
-0.035580
-0.097990
-0.134600
-0.178300
-0.241100
-0.309100
-0.351600
-0.366200
-0.386800
-0.436300
-0.523000
-0.631400
-0.732000
-0.813000
-0.881600
-0.944400
-0.996000
-1.049000
-1.100000
-1.108000
-1.087000
-1.070000
-1.070000
-1.118000
-1.222000
-1.312000
-1.334000
-1.296000
-1.219000
-1.160000
-1.161000
-1.187000
-1.214000
-1.248000
-1.257000
-1.234000
-1.206000
-1.202000
-1.248000
-1.322000
-1.368000
-1.368000
-1.311000
-1.192000
-1.058000
-0.993300
-1.045000
-1.160000
-1.252000
-1.294000
-1.315000
-1.336000
-1.335000
-1.289000
-1.216000
-1.156000
-1.089000
-1.001000
-0.939000
-0.930300
-0.919500
-0.845600
-0.743600
-0.685300
-0.654000
-0.594500
-0.475400
-0.315400
-0.152500
0.010760
0.160700
0.248000
0.282000
0.309100
0.320600
0.309000
0.312800
0.342900
0.370200
0.409300
0.511900
0.652700
0.724300
0.693400
0.672600
0.746600
0.821300
0.785700
0.677400
0.603200
0.596900
0.645500
0.738800
0.833900
0.868300
0.840600
0.843400
0.959500
1.135000
1.271000
1.317000
1.232000
1.039000
0.879700
0.907500
1.100000
1.270000
1.294000
1.205000
1.095000
1.040000
1.066000
1.145000
1.211000
1.192000
1.098000
1.017000
0.997800
1.021000
1.026000
0.943500
0.766100
0.590800
0.550500
0.680900
0.883400
0.998100
0.957200
0.836400
0.737100
0.687100
0.667500
0.650300
0.607900
0.536300
0.440700
0.340300
0.303600
0.357200
0.417600
0.402500
0.299900
0.142100
-0.028360
-0.179300
-0.272200
-0.294400
-0.300600
-0.346600
-0.412100
-0.438100
-0.407800
-0.351800
-0.298000
-0.256800
-0.254800
-0.321000
-0.436600
-0.535700
-0.561800
-0.508200
-0.420600
-0.377400
-0.423300
-0.525300
-0.621500
-0.650100
-0.584200
-0.490700
-0.477600
-0.605300
-0.810600
-0.915800
-0.828300
-0.664800
-0.601100
-0.702700
-0.897500
-1.035000
-0.995500
-0.809200
-0.637900
-0.639200
-0.825900
-1.036000
-1.084000
-0.949700
-0.737000
-0.591400
-0.626800
-0.790400
-0.896900
-0.838400
-0.690200
-0.621900
-0.692000
-0.789200
-0.831700
-0.812200
-0.710100
-0.561300
-0.463500
-0.460700
-0.511800
-0.531200
-0.498700
-0.459900
-0.410100
-0.330000
-0.251400
-0.174100
-0.063320
0.057960
0.130800
0.141200
0.147700
0.207200
0.270600
0.267900
0.242300
0.276300
0.384900
0.535500
0.682800
0.770300
0.763200
0.661100
0.536900
0.507700
0.582100
0.651900
0.618500
0.461900
0.288000
0.267400
0.445400
0.689800
0.824800
0.772700
0.617000
0.505100
0.490000
0.526500
0.544800
0.487500
0.351300
0.221800
0.228000
0.412300
0.654700
0.788900
0.752100
0.601600
0.439900
0.352500
0.351900
0.363900
0.294400
0.137600
-0.016710
-0.071550
0.001923
0.154300
0.276100
0.278800
0.169800
0.039280
-0.038430
-0.082220
-0.144600
-0.224300
-0.300000
-0.362400
-0.398300
-0.381400
-0.301700
-0.210100
-0.176000
-0.194100
-0.233100
-0.310000
-0.416100
-0.476100
-0.427700
-0.290200
-0.166900
-0.155900
-0.241100
-0.324500
-0.331900
-0.260400
-0.169700
-0.119900
-0.140800
-0.229700
-0.309400
-0.275300
-0.129200
0.011110
0.029860
-0.077790
-0.210500
-0.254000
-0.188500
-0.112500
-0.152900
-0.316300
-0.437300
-0.367100
-0.151500
0.054040
0.147200
0.124200
0.040360
-0.035400
-0.041390
0.020880
0.045060
-0.052940
-0.222400
-0.331400
-0.301600
-0.160400
0.016840
0.148600
0.182800
0.134200
0.065230
0.030510
0.021090
0.002536
-0.021250
-0.035330
-0.036830
-0.012500
0.066750
0.219100
0.395400
0.505200
0.508200
0.444900
0.369500
0.294800
0.219800
0.164800
0.155000
0.200000
0.283900
0.381900
0.479100
0.555000
0.592200
0.581600
0.517200
0.414300
0.303400
0.215500
0.178500
0.191300
0.216400
0.227500
0.226800
0.230300
0.261300
0.325600
0.404300
0.456000
0.418700
0.276500
0.112800
0.023140
0.016270
0.030410
0.011740
-0.031030
-0.049890
-0.009929
0.083920
0.166800
0.160200
0.055940
-0.068350
-0.129400
-0.118300
-0.087700
-0.088800
-0.140100
-0.219200
-0.274500
-0.264900
-0.209100
-0.169100
-0.185300
-0.232900
-0.255600
-0.229500
-0.182300
-0.168500
-0.222200
-0.308300
-0.374900
-0.407600
-0.413100
-0.396900
-0.362100
-0.318300
-0.286700
-0.280300
-0.293900
-0.317800
-0.351400
-0.383500
-0.405200
-0.419200
-0.428800
-0.444600
-0.474300
-0.494600
-0.475200
-0.414000
-0.349800
-0.321700
-0.323500
-0.322300
-0.301800
-0.280100
-0.279600
-0.285500
-0.277200
-0.261600
-0.254800
-0.254400
-0.232400
-0.167200
-0.077030
0.006475
0.073070
0.124100
0.135300
0.088580
0.010950
-0.041940
-0.036470
0.010860
0.064530
0.111100
0.141000
0.146100
0.129000
0.105000
0.110000
0.163300
0.229600
0.249700
0.190400
0.096120
0.056590
0.107400
0.201400
0.266000
0.271400
0.238200
0.202400
0.196100
0.230300
0.276200
0.288900
0.261300
0.246700
0.298300
0.395400
0.458700
0.435300
0.356300
0.294300
0.301700
0.377100
0.457700
0.483400
0.455200
0.423900
0.429400
0.456700
0.473500
0.471400
0.460000
0.444700
0.422200
0.401900
0.377000
0.315400
0.214500
0.118100
0.087220
0.133300
0.197000
0.221700
0.203500
0.165300
0.127900
0.087470
0.025290
-0.070900
-0.185400
-0.266500
-0.275700
-0.231900
-0.192500
-0.200300
-0.246800
-0.299900
-0.332600
-0.336300
-0.332000
-0.352500
-0.411100
-0.478800
-0.513100
-0.499500
-0.458900
-0.427300
-0.424600
-0.447600
-0.482700
-0.503000
-0.496200
-0.479800
-0.479400
-0.491000
-0.486500
-0.454800
-0.408500
-0.353900
-0.301900
-0.280100
-0.321400
-0.413900
-0.486000
-0.482900
-0.416700
-0.343000
-0.312400
-0.323600
-0.340100
-0.333000
-0.301700
-0.272000
-0.265800
-0.278100
-0.293900
-0.300400
-0.290700
-0.258600
-0.202200
-0.142900
-0.112200
-0.107500
-0.094650
-0.066730
-0.056510
-0.075630
-0.094980
-0.082470
-0.031880
0.039860
0.119500
0.201200
0.277100
0.341600
0.393200
0.429600
0.451300
0.467200
0.481400
0.484600
0.477700
0.481900
0.524200
0.600600
0.677100
0.744900
0.818300
0.888500
0.931000
0.918800
0.847500
0.751500
0.679000
0.670900
0.739100
0.843400
0.928100
0.950100
0.899900
0.824400
0.785300
0.793200
0.804300
0.769100
0.685800
0.596100
0.544100
0.539700
0.559900
0.573100
0.568800
0.558700
0.550900
0.536300
0.495200
0.416100
0.316700
0.229400
0.178100
0.167700
0.181500
0.193100
0.194100
0.190300
0.187400
0.178300
0.143000
0.065490
-0.047420
-0.169800
-0.266300
-0.322200
-0.353400
-0.385400
-0.420300
-0.445500
-0.450100
-0.442800
-0.454800
-0.513800
-0.617600
-0.743900
-0.854800
-0.924800
-0.958300
-0.986500
-1.041000
-1.110000
-1.137000
-1.098000
-1.030000
-0.993900
-1.018000
-1.086000
-1.168000
-1.227000
-1.234000
-1.195000
-1.155000
-1.156000
-1.192000
-1.208000
-1.162000
-1.064000
-0.957800
-0.904100
-0.919600
-0.962700
-0.978800
-0.953700
-0.909300
-0.866000
-0.826700
-0.787400
-0.747800
-0.700600
-0.635800
-0.557400
-0.474800
-0.391400
-0.311300
-0.252300
-0.236800
-0.260100
-0.285300
-0.274900
-0.211600
-0.107200
0.004625
0.094790
0.162400
0.233000
0.324400
0.408300
0.443500
0.427800
0.401900
0.407000
0.448300
0.508000
0.572000
0.640500
0.712500
0.775700
0.832000
0.897500
0.977100
1.044000
1.057000
1.009000
0.937600
0.890200
0.898400
0.950400
1.010000
1.057000
1.093000
1.129000
1.169000
1.204000
1.221000
1.209000
1.151000
1.060000
0.974600
0.925800
0.905500
0.887800
0.872800
0.882200
0.918400
0.954300
0.960600
0.923000
0.847600
0.759000
0.676700
0.597300
0.512700
0.433500
0.384100
0.367000
0.354700
0.328700
0.296300
0.269600
0.249000
0.220100
0.171700
0.106200
0.031000
-0.044810
-0.115600
-0.177700
-0.226900
-0.262300
-0.284400
-0.294900
-0.296300
-0.295300
-0.305900
-0.332400
-0.367000
-0.393700
-0.410000
-0.437000
-0.482600
-0.525900
-0.538700
-0.513400
-0.477900
-0.464900
-0.478400
-0.496300
-0.488900
-0.453400
-0.420200
-0.421400
-0.470900
-0.551400
-0.609900
-0.600600
-0.524200
-0.423700
-0.352700
-0.339700
-0.371200
-0.412600
-0.440000
-0.451900
-0.463900
-0.481100
-0.488400
-0.482700
-0.471600
-0.459000
-0.453200
-0.456100
-0.454300
-0.435500
-0.401900
-0.376500
-0.385000
-0.427200
-0.473400
-0.485900
-0.451000
-0.391000
-0.344600
-0.324700
-0.307800
-0.271900
-0.223800
-0.187500
-0.179200
-0.191800
-0.205500
-0.202700
-0.177600
-0.144000
-0.118400
-0.103300
-0.090040
-0.063810
-0.023930
0.012240
0.020970
-0.013020
-0.070290
-0.104600
-0.092400
-0.050040
-0.012590
-0.000591
-0.003801
0.000925
0.026650
0.066800
0.096590
0.094620
0.057670
0.003475
-0.031090
-0.011750
0.060570
0.137700
0.167900
0.150400
0.129700
0.140200
0.178600
0.224200
0.254500
0.255400
0.235700
0.217900
0.217400
0.228400
0.237000
0.242000
0.246800
0.248300
0.249300
0.255800
0.263500
0.262400
0.253900
0.252800
0.259000
0.252500
0.225800
0.195000
0.181200
0.189100
0.208700
0.226000
0.228100
0.211400
0.192400
0.192400
0.209100
0.209900
0.168400
0.100100
0.047290
0.039670
0.072790
0.112200
0.123700
0.096010
0.048070
0.018960
0.030800
0.064820
0.080830
0.053750
-0.003289
-0.049220
-0.047270
-0.002207
0.043080
0.052540
0.027860
0.003340
0.008812
0.042280
0.081160
0.100600
0.087970
0.053680
0.021860
0.016700
0.042010
0.076140
0.093110
0.084240
0.062770
0.052760
0.064960
0.090770
0.110500
0.111200
0.093350
0.064310
0.035770
0.021460
0.031590
0.060970
0.084910
0.085910
0.062250
0.022750
-0.008879
-0.015080
0.000176
0.024520
0.037360
0.024420
-0.002473
-0.018160
-0.007096
0.022930
0.046330
0.044390
0.017680
-0.018190
-0.040910
-0.033790
-0.002916
0.030660
0.048650
0.043090
0.024730
0.020900
0.042610
0.068860
0.069490
0.039980
0.009902
0.010550
0.042770
0.083620
0.109800
0.114200
0.098710
0.075610
0.066470
0.079060
0.102600
0.119700
0.117800
0.102900
0.090070
0.087700
0.086190
0.068760
0.036640
0.013120
0.010770
0.016660
0.016480
0.009259
-0.005524
-0.029880
-0.062140
-0.096570
-0.125100
-0.144700
-0.157800
-0.162700
-0.161300
-0.159500
-0.160500
-0.166500
-0.172800
-0.172300
-0.168500
-0.170500
-0.187800
-0.222800
-0.265400
-0.295300
-0.296200
-0.268600
-0.228700
-0.198100
-0.190100
-0.197100
-0.207900
-0.214500
-0.211600
-0.202600
-0.198300
-0.209500
-0.240500
-0.279100
-0.307800
-0.312200
-0.293600
-0.270100
-0.253900
-0.241600
-0.227800
-0.214700
-0.211100
-0.220000
-0.241400
-0.277300
-0.320800
-0.352300
-0.351700
-0.318700
-0.275400
-0.245500
-0.237800
-0.241100
-0.237800
-0.221500
-0.197400
-0.178600
-0.176400
-0.188700
-0.204800
-0.213900
-0.206800
-0.178700
-0.131600
-0.076120
-0.028430
-0.003681
-0.002503
-0.010330
-0.013430
-0.003880
0.012910
0.022120
0.021430
0.026480
0.058630
0.119800
0.180900
0.214300
0.214700
0.195000
0.179500
0.186100
0.210500
0.231200
0.232200
0.223100
0.227700
0.261100
0.316300
0.374300
0.415600
0.427700
0.415000
0.393700
0.374600
0.363400
0.361300
0.367700
0.380600
0.398900
0.429700
0.475600
0.519100
0.539300
0.527200
0.494700
0.458200
0.428000
0.412800
0.417400
0.434700
0.452800
0.461900
0.464100
0.463400
0.457300
0.439700
0.406800
0.362100
0.311800
0.258800
0.212400
0.184900
0.186000
0.211000
0.240300
0.258100
0.258700
0.244800
0.222600
0.189100
0.143700
0.091010
0.038370
-0.001093
-0.019800
-0.018890
-0.003034
0.013790
0.017220
0.003397
-0.019700
-0.041340
-0.063540
-0.098300
-0.151900
-0.218200
-0.277200
-0.310400
-0.312600
-0.293900
-0.274700
-0.270600
-0.286400
-0.314800
-0.338800
-0.352900
-0.365300
-0.387000
-0.417000
-0.443500
-0.454900
-0.445100
-0.417900
-0.391300
-0.380300
-0.385800
-0.392600
-0.388500
-0.380800
-0.382800
-0.395400
-0.409600
-0.415600
-0.412000
-0.398700
-0.378600
-0.354200
-0.326100
-0.299300
-0.284200
-0.285400
-0.295600
-0.304600
-0.310400
-0.310000
-0.299200
-0.279400
-0.257100
-0.235000
-0.205300
-0.159900
-0.112000
-0.083050
-0.085160
-0.108700
-0.128200
-0.127600
-0.108900
-0.082790
-0.063240
-0.051850
-0.041030
-0.022480
0.006410
0.039060
0.063430
0.066800
0.046640
0.021700
0.018770
0.047550
0.085520
0.101400
0.089330
0.071160
0.075760
0.109800
0.151700
0.178900
0.180900
0.164700
0.148500
0.144600
0.155600
0.172700
0.179700
0.171400
0.157100
0.156200
0.180300
0.215400
0.239200
0.242400
0.229700
0.212400
0.197600
0.188100
0.186400
0.195200
0.214100
0.235300
0.249800
0.252900
0.245800
0.236100
0.230200
0.232000
0.239100
0.237400
0.220200
0.196600
0.176800
0.167700
0.166400
0.167000
0.170700
0.177200
0.180700
0.179700
0.173700
0.156900
0.127800
0.097180
0.079040
0.081650
0.100200
0.120300
0.129200
0.121000
0.100100
0.079780
0.063510
0.046910
0.030060
0.014110
-0.001353
-0.012110
-0.011730
0.003329
0.024490
0.037140
0.033400
0.020030
0.006827
-0.007318
-0.029710
-0.060440
-0.093530
-0.118300
-0.126300
-0.112100
-0.079290
-0.043450
-0.021990
-0.023060
-0.044030
-0.074000
-0.104900
-0.132700
-0.156900
-0.177600
-0.190000
-0.191500
-0.182500
-0.162200
-0.130300
-0.089950
-0.054280
-0.040950
-0.053550
-0.077560
-0.094570
-0.104300
-0.114800
-0.125900
-0.131200
-0.121300
-0.092840
-0.051210
-0.008791
0.015460
0.010900
-0.016330
-0.051090
-0.075370
-0.082520
-0.082030
-0.087740
-0.100900
-0.105600
-0.089960
-0.060390
-0.034040
-0.025670
-0.034070
-0.051410
-0.071280
-0.086090
-0.091930
-0.090740
-0.086960
-0.082970
-0.074630
-0.057960
-0.032100
-0.004285
0.013440
0.015210
0.001238
-0.019740
-0.037000
-0.048980
-0.054140
-0.051200
-0.042850
-0.028340
-0.010810
0.004329
0.017600
0.026790
0.023540
0.005248
-0.018740
-0.037780
-0.048310
-0.050540
-0.045390
-0.031880
-0.014500
-0.001518
0.005923
0.005950
-0.003702
-0.015730
-0.022170
-0.024000
-0.028110
-0.038060
-0.044360
-0.035620
-0.014730
0.004366
0.012210
0.007859
-0.004434
-0.014620
-0.011540
0.004235
0.021500
0.026280
0.015820
0.003769
0.005681
0.024640
0.047890
0.056440
0.047370
0.034140
0.029030
0.033460
0.039180
0.037030
0.027180
0.016410
0.013060
0.020770
0.033490
0.040050
0.034020
0.017550
-0.003955
-0.022520
-0.030770
-0.027610
-0.017970
-0.008130
0.000183
0.008125
0.011680
0.008931
0.006583
0.009762
0.014150
0.011200
0.000529
-0.007353
-0.003282
0.013070
0.036880
0.064260
0.089260
0.105000
0.109500
0.105500
0.097960
0.091750
0.086420
0.081490
0.081730
0.093190
0.118200
0.150400
0.175500
0.184700
0.180200
0.171400
0.166700
0.167400
0.171100
0.175300
0.177700
0.178600
0.180500
0.187900
0.201100
0.213900
0.219400
0.214600
0.205200
0.196100
0.185700
0.174400
0.163200
0.152800
0.143600
0.134000
0.123700
0.113400
0.103600
0.096300
0.090670
0.081510
0.062720
0.034510
0.003062
-0.025280
-0.045190
-0.057260
-0.067220
-0.079900
-0.097520
-0.115400
-0.125100
-0.125200
-0.122100
-0.123900
-0.134800
-0.152900
-0.174300
-0.192700
-0.202800
-0.205700
-0.204900
-0.203900
-0.203100
-0.201600
-0.198700
-0.193500
-0.192400
-0.197900
-0.206600
-0.213600
-0.213600
-0.207900
-0.203300
-0.203400
-0.208800
-0.214400
-0.217200
-0.218500
-0.221300
-0.226100
-0.229000
-0.226200
-0.219200
-0.212300
-0.213000
-0.219900
-0.225100
-0.224300
-0.213700
-0.196800
-0.183900
-0.179700
-0.181800
-0.181200
-0.172400
-0.161000
-0.155100
-0.155000
-0.154200
-0.148000
-0.134200
-0.115000
-0.095970
-0.083690
-0.080760
-0.080520
-0.075860
-0.069070
-0.063780
-0.060460
-0.054670
-0.041330
-0.018950
0.008255
0.031050
0.038970
0.033210
0.023240
0.019620
0.024890
0.037050
0.055400
0.077170
0.098100
0.118200
0.136400
0.148400
0.149300
0.141200
0.132100
0.131200
0.140300
0.154100
0.169200
0.183400
0.195100
0.209200
0.230700
0.257400
0.280000
0.291300
0.291700
0.286700
0.280500
0.275900
0.272200
0.268100
0.264900
0.268600
0.283000
0.303300
0.317400
0.316600
0.302700
0.285200
0.271500
0.264900
0.259200
0.247800
0.229200
0.207600
0.189800
0.179500
0.175500
0.177000
0.179500
0.178300
0.169700
0.155100
0.138500
0.122700
0.110100
0.102700
0.097620
0.093770
0.089000
0.080430
0.070240
0.062000
0.056200
0.050110
0.043070
0.039440
0.036950
0.031810
0.021030
0.005168
-0.008811
-0.017630
-0.025560
-0.037900
-0.053670
-0.064620
-0.070380
-0.078090
-0.092840
-0.114200
-0.135300
-0.149800
-0.159400
-0.167500
-0.178500
-0.192000
-0.201900
-0.206300
-0.207700
-0.210200
-0.216200
-0.224600
-0.232600
-0.238200
-0.242700
-0.242900
-0.238800
-0.236000
-0.233800
-0.232300
-0.233200
-0.235300
-0.236600
-0.234000
-0.226900
-0.218200
-0.211500
-0.210200
-0.213300
-0.212100
-0.201200
-0.186800
-0.179800
-0.184500
-0.194300
-0.195100
-0.177300
-0.145700
-0.112900
-0.087330
-0.075510
-0.075440
-0.078080
-0.075970
-0.067790
-0.059960
-0.055150
-0.048990
-0.035020
-0.011710
0.012270
0.029230
0.035680
0.035370
0.038910
0.049140
0.062690
0.071270
0.065890
0.055050
0.056200
0.071110
0.090140
0.104500
0.112400
0.115100
0.115100
0.114200
0.110700
0.103000
0.092020
0.081320
0.076970
0.080630
0.088300
0.093070
0.091090
0.088230
0.091640
0.102200
0.111700
0.102400
0.069310
0.031710
0.012830
0.017880
0.031100
0.036720
0.034400
0.030140
0.027740
0.025660
0.024040
0.020380
0.007302
-0.014660
-0.035610
-0.043330
-0.035860
-0.026800
-0.027280
-0.037160
-0.049340
-0.055030
-0.054350
-0.054660
-0.059600
-0.067400
-0.071170
-0.069250
-0.066620
-0.062800
-0.060190
-0.062760
-0.069060
-0.075940
-0.078460
-0.077200
-0.076010
-0.079010
-0.087920
-0.093980
-0.091290
-0.082860
-0.073930
-0.065820
-0.054430
-0.039450
-0.028440
-0.026390
-0.026650
-0.021760
-0.012660
-0.002078
0.008519
0.015670
0.017670
0.020870
0.035030
0.060950
0.089850
0.113600
0.128100
0.127700
0.116500
0.109200
0.115300
0.127600
0.133800
0.134900
0.141000
0.155100
0.172500
0.187200
0.196200
0.196100
0.185500
0.170300
0.161800
0.164500
0.171600
0.176000
0.178700
0.184000
0.193300
0.208300
0.223600
0.229600
0.223700
0.210800
0.198800
0.189600
0.179300
0.172000
0.172000
0.176900
0.177900
0.170200
0.158300
0.151500
0.152000
0.158700
0.165700
0.163900
0.148000
0.123500
0.103900
0.098880
0.104000
0.109000
0.103300
0.086030
0.066240
0.053710
0.051580
0.051810
0.042170
0.021930
0.000231
-0.012500
-0.013450
-0.009219
-0.009574
-0.020980
-0.044790
-0.075010
-0.099880
-0.111700
-0.117300
-0.126800
-0.143000
-0.162500
-0.177400
-0.184700
-0.188100
-0.191400
-0.202000
-0.220800
-0.237400
-0.243600
-0.242600
-0.243900
-0.251300
-0.260200
-0.268800
-0.275800
-0.281200
-0.286200
-0.293700
-0.303700
-0.309000
-0.304600
-0.295100
-0.286800
-0.284000
-0.281200
-0.273600
-0.264600
-0.260100
-0.264400
-0.277600
-0.291700
-0.294600
-0.279100
-0.254600
-0.235300
-0.225500
-0.219800
-0.209000
-0.191300
-0.175500
-0.168000
-0.172200
-0.182100
-0.185600
-0.174400
-0.148600
-0.120300
-0.101300
-0.091710
-0.086050
-0.076570
-0.064360
-0.052510
-0.043440
-0.040640
-0.041350
-0.037010
-0.024890
-0.006309
0.014650
0.033630
0.046880
0.054810
0.059840
0.063560
0.067880
0.072230
0.072850
0.072250
0.074370
0.082110
0.097010
0.115700
0.133600
0.149100
0.162100
0.174500
0.183200
0.181500
0.170700
0.159400
0.155500
0.162500
0.177800
0.194600
0.209000
0.222000
0.234600
0.246600
0.252500
0.247800
0.235200
0.221700
0.213800
0.214700
0.218400
0.216300
0.204600
0.189200
0.183900
0.198500
0.221600
0.233800
0.226100
0.205000
0.183500
0.171000
0.165400
0.159500
0.148300
0.137400
0.130500
0.131800
0.144200
0.160700
0.168400
0.159600
0.138200
0.119000
0.109200
0.105700
0.100800
0.090430
0.080380
0.077940
0.085210
0.096940
0.103700
0.103700
0.099120
0.093220
0.089090
0.084570
0.078590
0.071310
0.061640
0.053480
0.051200
0.054180
0.057080
0.054860
0.050840
0.047060
0.042120
0.034770
0.023400
0.011100
0.002941
0.000449
0.000709
-0.004404
-0.017910
-0.036890
-0.053670
-0.057710
-0.048900
-0.039920
-0.043710
-0.061860
-0.082460
-0.094390
-0.094300
-0.086000
-0.081620
-0.088980
-0.105100
-0.119200
-0.121100
-0.113700
-0.108200
-0.111500
-0.123700
-0.136800
-0.143600
-0.142900
-0.139300
-0.140200
-0.147100
-0.153500
-0.153700
-0.147900
-0.141900
-0.141400
-0.148100
-0.160700
-0.173600
-0.181900
-0.185600
-0.185400
-0.184600
-0.184900
-0.186000
-0.185800
-0.182800
-0.177200
-0.169400
-0.163700
-0.164300
-0.169100
-0.174800
-0.178000
-0.178400
-0.177100
-0.173000
-0.166400
-0.160100
-0.152300
-0.142200
-0.132000
-0.123700
-0.117700
-0.112000
-0.105900
-0.099710
-0.093720
-0.086480
-0.074870
-0.062180
-0.052600
-0.047930
-0.049700
-0.052400
-0.047740
-0.033240
-0.013640
0.000675
0.005508
0.004306
0.003130
0.009790
0.025590
0.042030
0.051260
0.050820
0.049030
0.054970
0.066330
0.076380
0.081780
0.082550
0.080840
0.078730
0.079910
0.085410
0.090400
0.089000
0.082680
0.078110
0.078470
0.084170
0.095770
0.106500
0.110200
0.106300
0.098730
0.090890
0.082310
0.076110
0.078540
0.085580
0.090190
0.089690
0.088530
0.090660
0.094120
0.096010
0.097230
0.098750
0.099400
0.097720
0.096120
0.093430
0.087760
0.081910
0.079320
0.077580
0.073150
0.064090
0.055080
0.050120
0.046790
0.044140
0.042530
0.041320
0.041580
0.042570
0.043740
0.040840
0.029930
0.011020
-0.009223
-0.020480
-0.022970
-0.023840
-0.028200
-0.037790
-0.045430
-0.043190
-0.029940
-0.014130
-0.009472
-0.020960
-0.039130
-0.052650
-0.055710
-0.050260
-0.042060
-0.035530
-0.032370
-0.029550
-0.020990
-0.005308
0.012790
0.023380
0.021580
0.011040
0.002361
0.003781
0.012990
0.024500
0.033030
0.039020
0.047690
0.059690
0.074370
0.088580
0.097190
0.098250
0.092310
0.086480
0.087830
0.098240
0.114400
0.129200
0.139500
0.148200
0.157700
0.168700
0.175400
0.174100
0.167600
0.158600
0.150100
0.143100
0.137000
0.134900
0.135300
0.135100
0.132700
0.126100
0.117900
0.110300
0.104900
0.102600
0.097140
0.083850
0.062410
0.038490
0.022640
0.017940
0.019900
0.021350
0.016850
0.007437
-0.004068
-0.014480
-0.022300
-0.030880
-0.045790
-0.066330
-0.083700
-0.091210
-0.089870
-0.084840
-0.083150
-0.087990
-0.100200
-0.116900
-0.130200
-0.134600
-0.132100
-0.128300
-0.129700
-0.138600
-0.150900
-0.159500
-0.159800
-0.156400
-0.157100
-0.162800
-0.169100
-0.171000
-0.169900
-0.169800
-0.171900
-0.177800
-0.185700
-0.191700
-0.192900
-0.187900
-0.180800
-0.177800
-0.179900
-0.185600
-0.190000
-0.190900
-0.190300
-0.189300
-0.187200
-0.182100
-0.173900
-0.167500
-0.165400
-0.166100
-0.166400
-0.164300
-0.161000
-0.157700
-0.156000
-0.155100
-0.152100
-0.147300
-0.138700
-0.126200
-0.114600
-0.105200
-0.096770
-0.087070
-0.076120
-0.069230
-0.067350
-0.068200
-0.069480
-0.066800
-0.056470
-0.038730
-0.018150
0.001081
0.015930
0.023300
0.027850
0.035400
0.047090
0.061330
0.071500
0.073670
0.073780
0.076920
0.086420
0.101000
0.116900
0.131800
0.142400
0.148700
0.156900
0.166900
0.172700
0.169300
0.160400
0.154500
0.157000
0.166800
0.176800
0.182500
0.186600
0.190200
0.193800
0.197300
0.198800
0.196100
0.189500
0.183900
0.182000
0.179600
0.175800
0.172300
0.170200
0.171100
0.174100
0.177200
0.176600
0.169500
0.159900
0.151100
0.144700
0.140000
0.132600
0.122300
0.114500
0.111200
0.112100
0.116200
0.120200
0.117700
0.107000
0.094150
0.083870
0.077640
0.073390
0.066570
0.056990
0.045100
0.034530
0.029840
0.031370
0.035820
0.035350
0.023240
0.004056
-0.014010
-0.024960
-0.029530
-0.031790
-0.036720
-0.047980
-0.058770
-0.060310
-0.056230
-0.052880
-0.055560
-0.065340
-0.076580
-0.084370
-0.087740
-0.089550
-0.093450
-0.098760
-0.103500
-0.105100
-0.101200
-0.094940
-0.091540
-0.093310
-0.097910
-0.100900
-0.101000
-0.099500
-0.097490
-0.095670
-0.092820
-0.089580
-0.084770
-0.077670
-0.071760
-0.068040
-0.064550
-0.058300
-0.050120
-0.045970
-0.045630
-0.046610
-0.050240
-0.053230
-0.048710
-0.036740
-0.022840
-0.012290
-0.006693
-0.003825
-0.001034
0.002981
0.008421
0.012010
0.009679
0.005590
0.006203
0.011730
0.018620
0.020700
0.018560
0.019700
0.023780
0.028960
0.035250
0.037680
0.033810
0.027180
0.022200
0.021750
0.024800
0.027980
0.028630
0.025810
0.021220
0.019140
0.019750
0.018120
0.012700
0.008651
0.007676
0.008869
0.007902
0.001057
-0.007028
-0.011390
-0.012470
-0.011520
-0.011540
-0.014420
-0.021760
-0.031100
-0.039040
-0.046420
-0.052070
-0.054120
-0.058550
-0.066140
-0.072840
-0.076060
-0.075520
-0.074970
-0.077180
-0.080920
-0.087460
-0.097080
-0.106600
-0.111600
-0.110900
-0.105500
-0.099430
-0.099230
-0.104600
-0.109700
-0.112700
-0.113400
-0.114100
-0.116900
-0.117600
-0.114000
-0.109400
-0.102400
-0.093870
-0.087800
-0.086540
-0.086410
-0.084550
-0.082360
-0.080850
-0.079580
-0.079190
-0.080240
-0.080670
-0.073420
-0.059150
-0.043890
-0.030540
-0.019820
-0.012050
-0.006986
-0.005056
-0.001802
0.003359
0.005784
0.004450
0.002630
0.004987
0.015900
0.033440
0.053070
0.068450
0.074420
0.072950
0.071640
0.073060
0.076610
0.080330
0.081930
0.082180
0.084410
0.088860
0.098200
0.109800
0.118200
0.122800
0.125100
0.127700
0.133700
0.137300
0.136300
0.136400
0.140500
0.148100
0.157700
0.163900
0.164000
0.160400
0.157400
0.156000
0.157000
0.156800
0.153500
0.152100
0.152900
0.154500
0.158400
0.158100
0.151300
0.140800
0.128200
0.120800
0.119100
0.115000
0.108600
0.100900
0.092920
0.089720
0.090570
0.090060
0.084290
0.073280
0.062100
0.055490
0.053510
0.053630
0.051600
0.042900
0.028940
0.016190
0.008590
0.007816
0.010350
0.010180
0.006096
0.000037
-0.005339
-0.009743
-0.015010
-0.022210
-0.029780
-0.034880
-0.036760
-0.038110
-0.039840
-0.043200
-0.048550
-0.054770
-0.061230
-0.067300
-0.074200
-0.083080
-0.092750
-0.103200
-0.111800
-0.115400
-0.115300
-0.113100
-0.110800
-0.110600
-0.111900
-0.114200
-0.116900
-0.120200
-0.125800
-0.130500
-0.131800
-0.129800
-0.125800
-0.121600
-0.117500
-0.114900
-0.114000
-0.108900
-0.099060
-0.089620
-0.086900
-0.091000
-0.094420
-0.092300
-0.087860
-0.081890
-0.074440
-0.067190
-0.063420
-0.060950
-0.055580
-0.047840
-0.040530
-0.034240
-0.030010
-0.029740
-0.030790
-0.027460
-0.020860
-0.014450
-0.008945
-0.004071
0.001750
0.006167
0.007222
0.007742
0.008456
0.009954
0.011580
0.012250
0.014980
0.020160
0.025690
0.030520
0.032990
0.034680
0.038040
0.042200
0.046410
0.046610
0.041900
0.036500
0.035230
0.037710
0.041090
0.044990
0.048550
0.049520
0.046820
0.042050
0.041940
0.044430
0.040760
0.029910
0.018240
0.009788
0.003436
-0.003297
-0.008709
-0.012600
-0.016580
-0.020140
-0.022200
-0.022410
-0.023040
-0.027680
-0.037950
-0.051420
-0.063550
-0.070920
-0.073440
-0.075690
-0.081140
-0.084970
-0.082340
-0.076230
-0.069420
-0.064550
-0.063560
-0.065890
-0.069830
-0.074110
-0.077990
-0.079390
-0.074660
-0.065070
-0.052610
-0.039390
-0.029100
-0.025230
-0.027660
-0.030030
-0.025000
-0.017960
-0.015070
-0.015730
-0.016490
-0.011320
0.001250
0.015690
0.029050
0.037470
0.041280
0.043010
0.046000
0.050500
0.053930
0.054170
0.053500
0.051790
0.052700
0.059440
0.071320
0.081580
0.086760
0.087150
0.084930
0.083000
0.083350
0.083030
0.081990
0.079570
0.077510
0.079290
0.083750
0.090470
0.097880
0.098180
0.092980
0.088620
0.086280
0.085030
0.084690
0.085380
0.085520
0.085050
0.086170
0.087540
0.090110
0.091930
0.091760
0.091660
0.089310
0.084560
0.078980
0.072780
0.069860
0.069280
0.071490
0.075600
0.074860
0.069620
0.063540
0.059550
0.059240
0.061420
0.066410
0.067940
0.060200
0.049190
0.042490
0.042390
0.045330
0.045660
0.043090
0.039450
0.039340
0.041580
0.039860
0.033390
0.024810
0.018210
0.015550
0.011970
0.008061
0.002833
-0.005623
-0.014300
-0.021570
-0.028140
-0.033980
-0.039640
-0.043920
-0.046330
-0.047800
-0.051310
-0.056990
-0.065380
-0.076040
-0.081480
-0.082210
-0.085290
-0.092790
-0.102900
-0.109000
-0.107900
-0.105400
-0.103100
-0.103600
-0.108100
-0.111400
-0.113600
-0.118400
-0.122000
-0.120800
-0.117600
-0.118500
-0.120800
-0.121100
-0.119400
-0.118800
-0.119900
-0.116500
-0.108300
-0.101800
-0.098320
-0.098560
-0.097820
-0.091130
-0.084390
-0.080000
-0.079040
-0.080820
-0.077790
-0.068780
-0.061550
-0.057310
-0.055190
-0.052270
-0.048660
-0.042280
-0.033880
-0.026510
-0.024680
-0.025400
-0.024480
-0.022030
-0.016920
-0.008997
-0.006784
-0.010850
-0.011580
-0.002808
0.010440
0.021620
0.028580
0.032020
0.033230
0.030970
0.027560
0.024410
0.021820
0.023690
0.027850
0.031330
0.037340
0.045160
0.050200
0.050280
0.047580
0.047720
0.050980
0.051080
0.045790
0.036750
0.029860
0.028980
0.034430
0.039750
0.040450
0.040400
0.040810
0.040570
0.040140
0.038510
0.039560
0.040230
0.033460
0.031320
0.033830
0.032750
0.031600
0.033330
0.033430
0.031520
0.025100
0.021800
0.022280
0.021010
0.019860
0.023010
0.023890
0.023740
0.024800
0.025250
0.022270
0.019210
0.012700
0.007329
0.005237
0.007097
0.014450
0.018440
0.012980
0.010300
0.013200
0.021130
0.026020
0.019600
0.010130
0.006449
0.007763
0.013290
0.012870
0.009204
0.008231
0.014900
0.023710
0.028350
0.028180
0.019660
0.005720
-0.000820
-0.000823
0.002720
0.001416
-0.003170
-0.007421
-0.014490
-0.013670
0.000829
0.006793
-0.004875
-0.021450
-0.025330
-0.019110
-0.016790
-0.018530
-0.018300
-0.018530
-0.021690
-0.023340
-0.015920
-0.010080
-0.013030
-0.016740
-0.019280
-0.019400
-0.012940
-0.002761
0.007986
0.005995
-0.003037
-0.000128
0.013670
0.019100
0.014660
0.009568
0.009584
0.012880
0.015680
0.016420
0.022060
0.031760
0.038490
0.037380
0.035520
0.040510
0.049470
0.043800
0.033820
0.037710
0.052060
0.061130
0.057360
0.050850
0.055490
0.060320
0.060390
0.062320
0.063740
0.061500
0.057880
0.052550
0.046920
0.043950
0.047890
0.054210
0.055900
0.047630
0.040700
0.045040
0.049250
0.043390
0.034480
0.030180
0.032720
0.033350
0.029260
0.028220
0.028160
0.022900
0.012520
0.005225
0.011530
0.020840
0.016570
0.002842
-0.006359
-0.006373
0.001960
0.009620
0.009751
0.002532
-0.008568
-0.014800
-0.012020
-0.013430
-0.027040
-0.039800
-0.038490
-0.028350
-0.022630
-0.024540
-0.028740
-0.035980
-0.042430
-0.038220
-0.027560
-0.025020
-0.036290
-0.055500
-0.069100
-0.069380
-0.058100
-0.044550
-0.042810
-0.055990
-0.069520
-0.070350
-0.060860
-0.054660
-0.058500
-0.072940
-0.090280
-0.096460
-0.091130
-0.081310
-0.071600
-0.071030
-0.083790
-0.099390
-0.106600
-0.099720
-0.086520
-0.083520
-0.095850
-0.108400
-0.110600
-0.105300
-0.099470
-0.094440
-0.095390
-0.102400
-0.110700
-0.113400
-0.109500
-0.105500
-0.104200
-0.103600
-0.109900
-0.117700
-0.115700
-0.103200
-0.088050
-0.079620
-0.083100
-0.090210
-0.096930
-0.095300
-0.086150
-0.077910
-0.071920
-0.066380
-0.063870
-0.061750
-0.058030
-0.051850
-0.041980
-0.030710
-0.025290
-0.021100
-0.014240
-0.013630
-0.017120
-0.013290
0.000024
0.018070
0.025630
0.021010
0.019540
0.028950
0.049190
0.070630
0.076890
0.068900
0.062030
0.068980
0.084380
0.097360
0.104600
0.108300
0.108300
0.106000
0.107600
0.122000
0.141100
0.153400
0.150900
0.140700
0.136100
0.138400
0.145200
0.155700
0.160500
0.159400
0.156000
0.152400
0.152000
0.159300
0.168600
0.170500
0.158600
0.144100
0.139500
0.148100
0.156900
0.156100
0.144900
0.132600
0.125300
0.124800
0.124600
0.126200
0.127800
0.125800
0.118400
0.110200
0.102000
0.098280
0.096640
0.093920
0.089180
0.084360
0.077080
0.067770
0.057860
0.051010
0.050340
0.052200
0.048630
0.037990
0.025940
0.020020
0.021530
0.020740
0.011530
-0.000704
-0.010490
-0.017180
-0.020590
-0.021140
-0.020360
-0.024390
-0.031650
-0.040520
-0.046570
-0.045430
-0.039830
-0.038160
-0.043000
-0.056650
-0.070410
-0.076950
-0.074140
-0.067430
-0.062080
-0.062790
-0.068120
-0.077310
-0.082470
-0.078880
-0.070890
-0.067940
-0.073440
-0.081960
-0.086360
-0.085760
-0.080630
-0.078670
-0.081590
-0.083760
-0.081240
-0.074810
-0.066990
-0.066340
-0.069320
-0.073000
-0.076340
-0.077260
-0.073190
-0.068880
-0.063890
-0.060110
-0.057600
-0.054780
-0.053110
-0.058210
-0.063660
-0.065530
-0.065400
-0.063160
-0.060520
-0.062280
-0.064320
-0.064110
-0.058680
-0.050800
-0.048540
-0.055530
-0.068280
-0.078830
-0.078720
-0.072840
-0.071310
-0.077500
-0.084470
-0.084330
-0.074590
-0.064280
-0.057920
-0.057380
-0.060990
-0.068970
-0.077090
-0.080820
-0.079770
-0.078020
-0.077320
-0.076930
-0.074130
-0.069890
-0.063140
-0.057040
-0.055640
-0.057910
-0.060940
-0.065510
-0.069990
-0.073520
-0.069640
-0.058830
-0.047930
-0.043840
-0.042230
-0.039040
-0.031790
-0.027260
-0.027220
-0.034120
-0.041540
-0.043960
-0.040240
-0.030670
-0.018510
-0.009948
-0.004090
-0.003146
-0.003223
-0.001850
0.002598
0.006570
0.006862
0.003137
-0.001155
-0.000593
0.008308
0.020430
0.031540
0.040020
0.045450
0.046360
0.042720
0.039200
0.042930
0.050160
0.054480
0.053550
0.054350
0.059880
0.070990
0.083040
0.092390
0.094260
0.090740
0.087510
0.090870
0.097590
0.105100
0.110800
0.113900
0.114300
0.114500
0.119200
0.130900
0.138400
0.138300
0.135600
0.132400
0.129100
0.127900
0.130200
0.136200
0.139100
0.138600
0.137000
0.135100
0.134400
0.135500
0.136700
0.133400
0.124500
0.114700
0.111100
0.113600
0.117000
0.120100
0.121000
0.115900
0.106200
0.098880
0.095110
0.096050
0.096520
0.091390
0.081340
0.068420
0.060150
0.060820
0.062020
0.060190
0.054250
0.045410
0.036360
0.030570
0.026740
0.025120
0.022940
0.015630
0.005758
-0.000526
-0.004740
-0.005244
-0.006043
-0.009311
-0.014330
-0.020980
-0.027270
-0.030220
-0.031350
-0.031440
-0.031790
-0.033400
-0.037550
-0.045050
-0.051900
-0.052560
-0.050160
-0.049140
-0.052950
-0.057900
-0.060160
-0.060220
-0.057740
-0.054380
-0.053870
-0.058710
-0.068560
-0.074360
-0.074030
-0.070910
-0.067530
-0.069270
-0.076260
-0.081140
-0.082740
-0.080730
-0.077570
-0.078810
-0.083360
-0.088640
-0.093280
-0.095910
-0.096750
-0.095090
-0.092730
-0.092510
-0.095460
-0.100600
-0.103000
-0.100300
-0.093820
-0.089160
-0.090590
-0.095550
-0.102800
-0.106500
-0.100700
-0.092640
-0.089330
-0.092770
-0.098270
-0.100600
-0.098380
-0.092130
-0.086950
-0.087790
-0.094030
-0.098690
-0.092890
-0.082930
-0.078180
-0.075940
-0.075780
-0.077980
-0.078100
-0.076770
-0.076470
-0.078090
-0.080370
-0.077100
-0.069170
-0.061150
-0.056560
-0.055220
-0.053830
-0.052980
-0.051450
-0.046750
-0.046370
-0.050420
-0.052540
-0.049110
-0.040220
-0.031230
-0.029200
-0.031330
-0.031740
-0.026630
-0.016310
-0.008224
-0.008746
-0.012200
-0.011630
-0.007152
-0.001021
0.005911
0.009498
0.009446
0.007374
0.007339
0.013410
0.024120
0.033850
0.037900
0.035850
0.035030
0.039120
0.046420
0.053520
0.058650
0.061310
0.063170
0.065030
0.066960
0.072740
0.083050
0.090420
0.090700
0.085750
0.082100
0.085470
0.093010
0.099320
0.103300
0.104400
0.103100
0.102600
0.102900
0.105000
0.108400
0.109100
0.106900
0.106600
0.109400
0.112200
0.109900
0.103300
0.097300
0.096170
0.097950
0.100900
0.102900
0.102700
0.102100
0.100700
0.098760
0.099900
0.101200
0.099950
0.097440
0.095480
0.093650
0.091460
0.090020
0.089830
0.089280
0.087770
0.087360
0.086440
0.080700
0.074950
0.074100
0.075880
0.077030
0.075060
0.070940
0.064680
0.057370
0.051440
0.049670
0.049980
0.048590
0.045340
0.042450
0.041000
0.041960
0.044660
0.046060
0.042420
0.034240
0.024810
0.020280
0.017790
0.015680
0.015710
0.014130
0.010540
0.008420
0.007167
0.006650
0.005151
0.001800
-0.003721
-0.011600
-0.020100
-0.023820
-0.026610
-0.031130
-0.035770
-0.038200
-0.038400
-0.039860
-0.041500
-0.042030
-0.045070
-0.050640
-0.058680
-0.064260
-0.066050
-0.069220
-0.074530
-0.079080
-0.081230
-0.081890
-0.082100
-0.080520
-0.078060
-0.076930
-0.078340
-0.081370
-0.085660
-0.089470
-0.092850
-0.094920
-0.094590
-0.093050
-0.091120
-0.091630
-0.092470
-0.090990
-0.090580
-0.092190
-0.094980
-0.099400
-0.104300
-0.107100
-0.106000
-0.103300
-0.101300
-0.099840
-0.099500
-0.100100
-0.101200
-0.101600
-0.101100
-0.103300
-0.107800
-0.111100
-0.111300
-0.108400
-0.105100
-0.102900
-0.100900
-0.099060
-0.098100
-0.096510
-0.093780
-0.092270
-0.093860
-0.094610
-0.093750
-0.091740
-0.087790
-0.083500
-0.080520
-0.077690
-0.074750
-0.070310
-0.065950
-0.062690
-0.061210
-0.061590
-0.061780
-0.061100
-0.060920
-0.056670
-0.048090
-0.038170
-0.033310
-0.034930
-0.036780
-0.035820
-0.034150
-0.029920
-0.024710
-0.019220
-0.015200
-0.012730
-0.009509
-0.006748
-0.003801
0.001310
0.007413
0.014080
0.017350
0.018850
0.023050
0.029320
0.035540
0.042250
0.050140
0.057500
0.060770
0.065030
0.073640
0.083310
0.090220
0.093830
0.096930
0.101700
0.107100
0.115300
0.124000
0.131500
0.138700
0.144700
0.149400
0.153700
0.156600
0.158900
0.161400
0.165300
0.168900
0.171400
0.174100
0.177300
0.179500
0.180200
0.179100
0.179100
0.181200
0.182000
0.179200
0.173700
0.167600
0.162900
0.159700
0.159700
0.161000
0.161200
0.158500
0.152700
0.145800
0.138400
0.130600
0.124200
0.117700
0.110900
0.105300
0.100300
0.094270
0.086670
0.080270
0.077200
0.075730
0.072420
0.065540
0.057320
0.048960
0.040530
0.033050
0.025900
0.018600
0.012510
0.007037
0.002949
0.000637
-0.001408
-0.003857
-0.008833
-0.017010
-0.025970
-0.034310
-0.041270
-0.045970
-0.048190
-0.049900
-0.053000
-0.056960
-0.059780
-0.060790
-0.061820
-0.065040
-0.069940
-0.075640
-0.083040
-0.089790
-0.093080
-0.093780
-0.095000
-0.097210
-0.098310
-0.097930
-0.096980
-0.097350
-0.102200
-0.110600
-0.119000
-0.125200
-0.127900
-0.130000
-0.132900
-0.134900
-0.134700
-0.131400
-0.127200
-0.124900
-0.124900
-0.128000
-0.132300
-0.135800
-0.137600
-0.137800
-0.139000
-0.140400
-0.139200
-0.134800
-0.126300
-0.118700
-0.116800
-0.118800
-0.119100
-0.115500
-0.112800
-0.114200
-0.118000
-0.121800
-0.121400
-0.114600
-0.103700
-0.094020
-0.090300
-0.090300
-0.089830
-0.087130
-0.080640
-0.074210
-0.072210
-0.073800
-0.074680
-0.069730
-0.058980
-0.047770
-0.041370
-0.039120
-0.035860
-0.031590
-0.027320
-0.022620
-0.017950
-0.011880
-0.004259
0.003804
0.011460
0.014510
0.014740
0.016260
0.019480
0.025580
0.033810
0.040240
0.043990
0.046040
0.049120
0.053250
0.058520
0.063240
0.064240
0.063030
0.062580
0.064440
0.069300
0.073490
0.076060
0.075590
0.072930
0.072480
0.074140
0.077280
0.081140
0.081300
0.078860
0.075700
0.074730
0.076780
0.078330
0.078600
0.077990
0.076760
0.078090
0.081310
0.085140
0.087730
0.089240
0.090410
0.089600
0.088120
0.088390
0.088220
0.088860
0.089190
0.087200
0.084920
0.084260
0.086070
0.089460
0.092140
0.094950
0.094790
0.090790
0.086760
0.085270
0.085460
0.085210
0.082460
0.077050
0.070500
0.066840
0.066260
0.067510
0.068850
0.067860
0.065630
0.062260
0.056460
0.050430
0.043590
0.037370
0.032710
0.026690
0.020650
0.017200
0.016230
0.016040
0.013880
0.009325
0.002935
-0.002837
-0.008034
-0.014090
-0.018450
-0.020700
-0.023190
-0.025650
-0.027100
-0.026000
-0.024720
-0.025300
-0.026270
-0.028550
-0.032200
-0.034740
-0.037470
-0.040350
-0.042900
-0.042120
-0.036890
-0.032910
-0.033770
-0.035360
-0.034260
-0.030620
-0.027600
-0.026340
-0.027380
-0.031210
-0.036810
-0.039570
-0.035950
-0.030050
-0.028280
-0.028850
-0.029760
-0.030120
-0.028230
-0.025710
-0.026210
-0.030960
-0.038400
-0.042440
-0.041430
-0.037730
-0.033570
-0.031400
-0.032520
-0.034600
-0.036510
-0.037280
-0.037730
-0.039520
-0.043870
-0.047520
-0.048160
-0.046180
-0.043760
-0.041260
-0.039560
-0.037630
-0.036770
-0.037500
-0.039840
-0.044340
-0.049340
-0.051550
-0.053070
-0.054320
-0.054310
-0.052170
-0.047720
-0.042880
-0.040040
-0.038350
-0.037690
-0.040180
-0.046280
-0.051910
-0.053680
-0.051310
-0.047200
-0.042710
-0.038240
-0.034410
-0.031260
-0.027050
-0.022990
-0.021050
-0.021520
-0.025140
-0.030380
-0.032410
-0.028690
-0.018940
-0.008523
-0.003029
-0.001478
-0.000157
0.002673
0.006650
0.008796
0.007641
0.003553
-0.000919
-0.002563
0.001088
0.008620
0.016860
0.022240
0.023840
0.023100
0.023980
0.027450
0.029260
0.025550
0.018350
0.011590
0.008023
0.007789
0.011420
0.017210
0.021130
0.021570
0.021420
0.021030
0.019780
0.017750
0.016640
0.016060
0.013950
0.010730
0.010380
0.011910
0.013010
0.013910
0.016260
0.018690
0.019080
0.017370
0.016860
0.018540
0.020800
0.021870
0.022670
0.022330
0.020790
0.020130
0.023440
0.028820
0.032540
0.033010
0.031150
0.028240
0.027930
0.030490
0.034280
0.036420
0.035690
0.034470
0.035670
0.038710
0.043040
0.045510
0.045720
0.045260
0.044150
0.042670
0.041050
0.040190
0.040820
0.039600
0.038200
0.038360
0.039120
0.039810
0.039950
0.040440
0.041020
0.038070
0.034570
0.032890
0.032490
0.032690
0.030790
0.025970
0.020160
0.014610
0.012130
0.011250
0.010520
0.008478
0.004739
0.000508
-0.005184
-0.010360
-0.011030
-0.011200
-0.013170
-0.017360
-0.022550
-0.026530
-0.029780
-0.032690
-0.034270
-0.036840
-0.040820
-0.044550
-0.046330
-0.045880
-0.044250
-0.043390
-0.045660
-0.049880
-0.052800
-0.054420
-0.053580
-0.052590
-0.052530
-0.052690
-0.053110
-0.052370
-0.050230
-0.048520
-0.045580
-0.042660
-0.042650
-0.044450
-0.043120
-0.037660
-0.031490
-0.026890
-0.023240
-0.019100
-0.014310
-0.011410
-0.007131
-0.000950
0.002420
0.003036
0.004606
0.008646
0.015310
0.021820
0.028780
0.035470
0.038800
0.039310
0.039830
0.041480
0.043730
0.047390
0.052920
0.055500
0.053770
0.050480
0.048420
0.049840
0.053540
0.057120
0.059390
0.057010
0.051430
0.047650
0.047300
0.050400
0.053180
0.051340
0.046160
0.041130
0.038940
0.039190
0.039710
0.037760
0.031880
0.025040
0.020520
0.018820
0.019550
0.019430
0.017120
0.013650
0.008960
0.004978
0.003449
0.002284
0.000111
-0.003808
-0.009072
-0.014330
-0.018410
-0.019770
-0.018440
-0.017270
-0.018300
-0.020690
-0.022430
-0.025110
-0.028170
-0.031200
-0.034810
-0.039500
-0.043710
-0.044280
-0.041690
-0.040070
-0.038620
-0.037690
-0.039280
-0.043840
-0.049120
-0.052840
-0.054870
-0.056880
-0.058480
-0.060720
-0.062850
-0.065370
-0.067500
-0.065550
-0.061340
-0.058590
-0.057020
-0.058850
-0.062630
-0.066060
-0.067700
-0.067480
-0.067330
-0.068000
-0.067170
-0.064980
-0.061920
-0.059020
-0.055270
-0.051680
-0.050180
-0.050590
-0.052100
-0.052410
-0.048250
-0.044300
-0.042660
-0.040660
-0.037150
-0.033270
-0.031730
-0.032050
-0.030250
-0.027990
-0.025970
-0.022520
-0.018960
-0.016950
-0.014470
-0.009478
-0.002760
0.003046
0.006889
0.009258
0.012290
0.013980
0.013740
0.015710
0.020140
0.023900
0.027270
0.032220
0.039680
0.045600
0.047830
0.049040
0.051130
0.052580
0.053380
0.054670
0.056700
0.058680
0.062140
0.066910
0.071070
0.073720
0.074690
0.074730
0.076060
0.075610
0.072130
0.068400
0.067820
0.069670
0.070990
0.072490
0.075480
0.076720
0.075460
0.074180
0.074300
0.072430
0.066700
0.060980
0.058400
0.057700
0.058050
0.057310
0.057100
0.059210
0.060100
0.059910
0.059860
0.056120
0.049840
0.043270
0.038640
0.036380
0.033720
0.030580
0.030010
0.031020
0.032580
0.034100
0.033550
0.028130
0.020460
0.015090
0.012820
0.013170
0.013480
0.010300
0.006811
0.004893
0.004250
0.004110
0.003781
0.003686
0.002542
-0.001378
-0.004834
-0.006329
-0.007704
-0.010350
-0.012580
-0.013780
-0.013900
-0.013500
-0.014240
-0.015990
-0.018060
-0.022340
-0.026150
-0.027160
-0.027050
-0.027760
-0.029910
-0.032250
-0.033110
-0.035090
-0.037510
-0.039230
-0.040880
-0.041810
-0.041850
-0.042150
-0.042830
-0.045370
-0.048340
-0.049660
-0.048190
-0.046730
-0.046680
-0.046570
-0.046100
-0.047570
-0.050260
-0.053070
-0.054010
-0.053620
-0.052580
-0.049450
-0.045390
-0.043320
-0.041840
-0.041210
-0.042250
-0.045630
-0.050300
-0.052610
-0.050610
-0.045940
-0.040620
-0.036240
-0.033150
-0.033310
-0.034880
-0.032600
-0.026450
-0.021080
-0.020880
-0.024980
-0.027240
-0.025650
-0.022590
-0.020540
-0.019550
-0.017850
-0.014560
-0.010200
-0.005941
-0.003526
-0.003205
-0.004248
-0.005138
-0.005618
-0.006452
-0.006125
-0.004398
-0.004086
-0.005337
-0.005533
-0.003290
-0.001101
-0.001128
-0.002558
-0.002761
-0.001223
-0.000869
-0.003161
-0.004849
-0.006056
-0.007208
-0.007623
-0.008237
-0.007678
-0.005259
-0.002934
-0.001655
-0.002855
-0.005809
-0.008499
-0.009296
-0.008418
-0.007093
-0.005810
-0.004623
-0.003027
-0.000245
0.001826
0.003061
0.003718
0.003820
0.004506
0.006297
0.008215
0.010370
0.011780
0.013130
0.015050
0.017040
0.019710
0.022540
0.024200
0.026200
0.028730
0.032110
0.035490
0.037640
0.037840
0.037600
0.037990
0.038260
0.037870
0.037580
0.037810
0.039950
0.041980
0.043060
0.044050
0.043190
0.040860
0.039610
0.039470
0.041200
0.042480
0.040060
0.035470
0.032020
0.030530
0.029580
0.027370
0.025070
0.022830
0.021690
0.022800
0.025280
0.026630
0.024060
0.018810
0.013620
0.008863
0.006717
0.006437
0.006922
0.006437
0.002733
-0.001758
-0.002593
-0.000064
0.002571
0.001891
0.000955
-0.000031
-0.003013
-0.006824
-0.009440
-0.009717
-0.008049
-0.007386
-0.005592
-0.003444
-0.002192
-0.001565
-0.001387
-0.001738
-0.001745
-0.002107
-0.001037
-0.000181
-0.000238
-0.000621
0.000975
0.003876
0.005047
0.003767
0.005316
0.009330
0.012320
0.010620
0.005726
0.000779
-0.001747
-0.001258
0.001891
0.005392
0.008444
0.008226
0.006448
0.005751
0.007892
0.011630
0.013360
0.010950
0.005757
0.000198
-0.000512
0.004007
0.010700
0.015360
0.015550
0.012630
0.010120
0.010150
0.014730
0.019870
0.021560
0.018380
0.012740
0.009451
0.011290
0.015660
0.017660
0.015480
0.013920
0.012840
0.013370
0.016790
0.019110
0.017640
0.014010
0.009312
0.007353
0.006830
0.005405
0.003362
0.002401
0.002326
0.002506
0.001653
-0.000026
-0.003128
-0.006250
-0.008326
-0.007789
-0.007483
-0.011210
-0.017750
-0.021730
-0.021700
-0.017970
-0.016600
-0.020670
-0.028870
-0.035700
-0.036930
-0.035070
-0.035520
-0.037990
-0.043930
-0.050370
-0.052520
-0.049850
-0.047300
-0.048560
-0.053570
-0.059570
-0.065740
-0.068760
-0.068910
-0.068320
-0.070960
-0.076620
-0.079420
-0.077900
-0.076480
-0.077140
-0.080030
-0.079540
-0.077560
-0.078410
-0.079500
-0.078710
-0.076260
-0.071820
-0.067960
-0.066130
-0.067810
-0.069070
-0.064740
-0.057180
-0.052550
-0.051330
-0.051640
-0.051010
-0.048420
-0.042490
-0.033540
-0.025720
-0.022610
-0.023470
-0.023770
-0.018740
-0.010660
-0.005379
-0.005541
-0.007065
-0.005718
-0.001661
0.004756
0.011700
0.016440
0.020990
0.026460
0.030480
0.031670
0.031980
0.033540
0.037440
0.041500
0.044250
0.045480
0.046380
0.048630
0.052510
0.056860
0.062250
0.068010
0.070390
0.067600
0.065180
0.065990
0.068830
0.071690
0.072860
0.073050
0.073770
0.074380
0.075240
0.076090
0.077840
0.079020
0.078680
0.078110
0.078630
0.078740
0.077890
0.076440
0.075780
0.074010
0.071820
0.071970
0.074060
0.075530
0.075140
0.072650
0.070670
0.069210
0.068820
0.068400
0.066230
0.063800
0.060820
0.057240
0.056760
0.057260
0.056080
0.052840
0.048660
0.045680
0.044470
0.043420
0.041060
0.036600
0.031650
0.026740
0.023740
0.022460
0.019430
0.015050
0.012020
0.011000
0.010970
0.006935
0.000767
-0.003495
-0.008085
-0.012600
-0.013850
-0.013240
-0.014680
-0.019820
-0.024160
-0.024510
-0.022830
-0.023160
-0.028060
-0.034960
-0.040120
-0.043480
-0.043380
-0.041120
-0.039590
-0.042110
-0.047550
-0.049530
-0.047740
-0.047810
-0.049610
-0.052070
-0.054730
-0.058480
-0.060380
-0.057330
-0.053020
-0.053210
-0.055050
-0.054600
-0.052570
-0.052700
-0.054490
-0.055000
-0.054050
-0.054690
-0.055090
-0.052600
-0.049680
-0.050070
-0.049930
-0.046650
-0.042390
-0.041180
-0.040880
-0.037500
-0.034040
-0.035770
-0.037390
-0.035080
-0.030850
-0.027630
-0.024970
-0.022870
-0.021190
-0.020430
-0.019260
-0.016780
-0.013510
-0.012640
-0.014430
-0.015150
-0.012920
-0.010610
-0.009149
-0.009129
-0.008423
-0.006857
-0.005476
-0.004275
-0.004786
-0.008867
-0.013810
-0.015210
-0.011530
-0.007452
-0.006765
-0.007918
-0.009070
-0.010390
-0.009097
-0.006230
-0.005291
-0.009192
-0.014950
-0.016570
-0.014630
-0.013880
-0.014590
-0.015470
-0.017510
-0.022720
-0.025990
-0.023470
-0.018410
-0.017050
-0.020390
-0.024890
-0.028270
-0.031530
-0.032280
-0.031240
-0.029720
-0.027400
-0.025190
-0.024360
-0.024150
-0.022790
-0.018400
-0.015610
-0.016480
-0.018430
-0.017630
-0.013720
-0.010130
-0.007755
-0.005171
-0.003665
-0.001548
0.001629
0.005280
0.009542
0.013210
0.014720
0.015010
0.014190
0.013660
0.016200
0.021600
0.025640
0.027210
0.029130
0.031170
0.032880
0.034760
0.035480
0.036240
0.035550
0.034940
0.038250
0.042860
0.045790
0.047700
0.048310
0.048290
0.047100
0.046350
0.048800
0.050760
0.048750
0.046780
0.047620
0.049900
0.049560
0.049010
0.051870
0.054980
0.055030
0.052720
0.049940
0.048810
0.047510
0.048760
0.052580
0.053130
0.050980
0.050970
0.052080
0.051600
0.050070
0.050870
0.051280
0.048350
0.043330
0.042000
0.045140
0.047350
0.045690
0.042910
0.039980
0.039600
0.040880
0.042760
0.043840
0.042480
0.038570
0.032930
0.028490
0.029190
0.033010
0.037200
0.036480
0.031420
0.028510
0.027420
0.026230
0.027110
0.026200
0.022180
0.018180
0.015560
0.013900
0.012280
0.011210
0.013170
0.012720
0.007021
0.000553
-0.002524
-0.001463
-0.000142
-0.003242
-0.009525
-0.014250
-0.013890
-0.013320
-0.015640
-0.017160
-0.018320
-0.022220
-0.027750
-0.033980
-0.035300
-0.031200
-0.028200
-0.030730
-0.037050
-0.040720
-0.040570
-0.041860
-0.045280
-0.048890
-0.048720
-0.048210
-0.051580
-0.056100
-0.057170
-0.054400
-0.052880
-0.056710
-0.061100
-0.063150
-0.064940
-0.066790
-0.065150
-0.063700
-0.067390
-0.073590
-0.077150
-0.078600
-0.077700
-0.073420
-0.069790
-0.074570
-0.083530
-0.085760
-0.080100
-0.075180
-0.073660
-0.074770
-0.077970
-0.084100
-0.087860
-0.082840
-0.075010
-0.073650
-0.078680
-0.084550
-0.082340
-0.075680
-0.070690
-0.065870
-0.064470
-0.069330
-0.072340
-0.069110
-0.062340
-0.056190
-0.051570
-0.050260
-0.051460
-0.049250
-0.042420
-0.037540
-0.035210
-0.034000
-0.029700
-0.024130
-0.021640
-0.018060
-0.013910
-0.012600
-0.009010
-0.002988
0.003749
0.008894
0.012430
0.015470
0.018090
0.022170
0.027860
0.032940
0.035320
0.035980
0.040480
0.047650
0.052260
0.052790
0.054970
0.061630
0.066140
0.067400
0.071690
0.077670
0.079710
0.078690
0.080190
0.084050
0.086850
0.090800
0.096700
0.099540
0.097800
0.095330
0.096590
0.101000
0.103600
0.104100
0.104200
0.103100
0.101600
0.101800
0.105300
0.108400
0.107300
0.102500
0.098310
0.096320
0.095180
0.093670
0.092890
0.091180
0.087970
0.085350
0.084540
0.082410
0.079190
0.075650
0.073520
0.070890
0.066370
0.060450
0.054690
0.049970
0.046050
0.041730
0.040580
0.040740
0.037440
0.030250
0.024620
0.022540
0.019970
0.014670
0.008911
0.001979
-0.003711
-0.007303
-0.011350
-0.012540
-0.011830
-0.014420
-0.018800
-0.023760
-0.026580
-0.027180
-0.031790
-0.040470
-0.047370
-0.051060
-0.052650
-0.053240
-0.054490
-0.057900
-0.060460
-0.061250
-0.063420
-0.065840
-0.070470
-0.075440
-0.076640
-0.078710
-0.080970
-0.082400
-0.083250
-0.084120
-0.087330
-0.086930
-0.081800
-0.076920
-0.078340
-0.085450
-0.089320
-0.089270
-0.086690
-0.083060
-0.084060
-0.083660
-0.083280
-0.082170
-0.076100
-0.071090
-0.067980
-0.066040
-0.066330
-0.065220
-0.064270
-0.061700
-0.056020
-0.052600
-0.050310
-0.047210
-0.044060
-0.038060
-0.033240
-0.028860
-0.024610
-0.023850
-0.021360
-0.017960
-0.012990
-0.008451
-0.004874
0.002155
0.008138
0.010630
0.012430
0.015460
0.021190
0.025900
0.027940
0.029080
0.031790
0.032500
0.034780
0.040670
0.044470
0.048370
0.050540
0.050440
0.051500
0.050210
0.051080
0.054160
0.054250
0.053440
0.053140
0.051840
0.051710
0.051780
0.051050
0.053380
0.055920
0.056120
0.052670
0.047630
0.045080
0.044940
0.043130
0.038320
0.034940
0.033540
0.032410
0.029770
0.027440
0.026710
0.024530
0.022450
0.019380
0.016240
0.013490
0.008788
0.006357
0.003722
-0.001242
-0.002789
-0.003055
-0.005061
-0.007790
-0.011230
-0.011060
-0.011970
-0.016810
-0.018820
-0.017290
-0.015720
-0.016410
-0.021590
-0.026430
-0.029740
-0.030750
-0.026160
-0.021910
-0.023880
-0.029260
-0.032940
-0.030500
-0.024880
-0.021010
-0.019750
-0.021450
-0.026060
-0.028430
-0.027060
-0.021080
-0.017890
-0.019300
-0.022490
-0.023850
-0.020120
-0.014920
-0.012550
-0.014890
-0.020170
-0.020450
-0.014490
-0.005200
-0.003249
-0.007631
-0.012190
-0.013550
-0.009577
-0.005160
-0.004461
-0.003884
-0.006350
-0.007602
-0.004895
-0.001314
0.002007
0.002935
0.000019
-0.002227
-0.001713
0.003561
0.008931
0.008046
0.004046
0.003143
0.008332
0.015300
0.014440
0.010970
0.009489
0.011570
0.016840
0.020600
0.020370
0.019230
0.018470
0.018490
0.020300
0.024700
0.029210
0.031540
0.029610
0.024820
0.023580
0.028210
0.030610
0.028720
0.024510
0.021860
0.024560
0.029600
0.032940
0.034280
0.033770
0.031240
0.027960
0.025830
0.023810
0.024590
0.025530
0.022480
0.017270
0.013610
0.015110
0.020030
0.020360
0.016310
0.010830
0.009323
0.011320
0.011370
0.007935
0.004127
0.000290
-0.001210
-0.002003
-0.001808
-0.000943
-0.002508
-0.004993
-0.007461
-0.009538
-0.007643
-0.006702
-0.008496
-0.012380
-0.015370
-0.013020
-0.009034
-0.008749
-0.010360
-0.012300
-0.011740
-0.009996
-0.010470
-0.014780
-0.019030
-0.016730
-0.009795
-0.007273
-0.009615
-0.012680
-0.012770
-0.011400
-0.009555
-0.003915
0.002303
0.001409
-0.005892
-0.012810
-0.012780
-0.008202
-0.003074
0.000645
0.002232
0.002219
0.002652
0.006023
0.008671
0.006513
0.006146
0.007817
0.007830
0.005934
0.003908
0.005983
0.009757
0.009494
0.010900
0.013440
0.013110
0.011670
0.011860
0.011660
0.009108
0.007607
0.009461
0.009388
0.008857
0.009224
0.009710
0.010160
0.008116
0.005196
0.006206
0.005319
0.002144
-0.000321
-0.002312
-0.003792
-0.005053
-0.007577
-0.007561
-0.005602
-0.004321
-0.004051
-0.006098
-0.013780
-0.020370
-0.021790
-0.021340
-0.021690
-0.023060
-0.026570
-0.030270
-0.033620
-0.035140
-0.034940
-0.034560
-0.035910
-0.039640
-0.045130
-0.048300
-0.048360
-0.048330
-0.051780
-0.055030
-0.055860
-0.057680
-0.059630
-0.060330
-0.062930
-0.064110
-0.063590
-0.062340
-0.060540
-0.061240
-0.063670
-0.064440
-0.066080
-0.065250
-0.060360
-0.058250
-0.059240
-0.059510
-0.060660
-0.059360
-0.055720
-0.052090
-0.048270
-0.044720
-0.045420
-0.045690
-0.041450
-0.035550
-0.030760
-0.025860
-0.023350
-0.022030
-0.021280
-0.019360
-0.013060
-0.006399
-0.005183
-0.002126
0.002026
0.004441
0.011110
0.020960
0.025370
0.027770
0.029210
0.032190
0.040940
0.049320
0.051520
0.054500
0.057480
0.059850
0.063470
0.068480
0.074830
0.080670
0.080060
0.079660
0.083970
0.089800
0.094110
0.096270
0.093990
0.093530
0.097470
0.101700
0.103100
0.103800
0.103400
0.102500
0.104500
0.108000
0.108800
0.107400
0.101800
0.097200
0.097540
0.099910
0.103200
0.104900
0.099890
0.095260
0.094690
0.095510
0.096360
0.093320
0.083340
0.075550
0.074440
0.075880
0.076060
0.074650
0.068960
0.061720
0.056950
0.055840
0.057400
0.055810
0.046770
0.037370
0.029530
0.026240
0.028510
0.027590
0.019840
0.012730
0.005207
-0.000419
-0.000647
-0.000330
-0.004431
-0.010760
-0.019190
-0.026020
-0.030320
-0.033510
-0.034770
-0.035730
-0.043210
-0.052040
-0.056920
-0.059010
-0.059010
-0.061430
-0.069110
-0.075190
-0.080530
-0.087540
-0.089030
-0.085580
-0.085770
-0.090640
-0.096600
-0.100200
-0.102600
-0.104400
-0.104600
-0.104500
-0.107700
-0.112100
-0.113900
-0.114500
-0.116100
-0.115200
-0.111600
-0.109200
-0.110600
-0.115700
-0.120900
-0.119400
-0.112700
-0.106100
-0.102900
-0.105300
-0.111100
-0.113400
-0.107300
-0.097140
-0.090850
-0.089990
-0.093380
-0.094740
-0.091190
-0.084330
-0.074830
-0.067820
-0.068090
-0.070220
-0.070520
-0.064920
-0.052820
-0.044220
-0.043250
-0.041600
-0.037160
-0.030850
-0.024630
-0.019610
-0.016230
-0.011860
-0.007428
-0.003117
0.001533
0.005107
0.009514
0.016640
0.019330
0.022200
0.027560
0.031060
0.034500
0.038360
0.040010
0.045170
0.050480
0.051520
0.051160
0.054050
0.059740
0.067570
0.070680
0.067950
0.066210
0.066980
0.069720
0.076800
0.082100
0.082280
0.079420
0.073360
0.072550
0.080220
0.085390
0.087740
0.089450
0.085940
0.081260
0.080260
0.081310
0.082490
0.080280
0.076180
0.078210
0.081030
0.078700
0.077900
0.078350
0.077520
0.078610
0.076610
0.072070
0.070400
0.067160
0.064960
0.067020
0.063250
0.055300
0.052920
0.054510
0.058230
0.059680
0.055560
0.053250
0.050140
0.041490
0.036930
0.039040
0.038860
0.034740
0.028340
0.022330
0.022940
0.025270
0.024250
0.022410
0.017890
0.011410
0.007659
0.002863
0.000155
0.002189
0.000830
-0.003636
-0.006713
-0.011060
-0.012310
-0.011620
-0.012100
-0.012740
-0.016490
-0.022720
-0.024640
-0.026810
-0.028890
-0.028750
-0.026840
-0.025370
-0.027310
-0.033020
-0.033370
-0.029710
-0.030800
-0.036910
-0.038800
-0.037390
-0.037450
-0.039270
-0.039150
-0.035580
-0.031990
-0.033070
-0.032680
-0.033150
-0.039200
-0.042130
-0.038200
-0.032870
-0.031670
-0.037800
-0.041940
-0.038100
-0.033380
-0.030440
-0.028980
-0.030850
-0.034900
-0.038080
-0.036260
-0.027550
-0.021680
-0.026660
-0.033870
-0.035520
-0.031920
-0.025610
-0.019370
-0.016460
-0.019730
-0.026290
-0.029960
-0.027440
-0.023600
-0.023740
-0.026220
-0.024950
-0.016520
-0.008828
-0.010560
-0.017730
-0.024040
-0.025820
-0.022110
-0.012500
-0.005899
-0.010590
-0.022200
-0.028870
-0.024570
-0.011770
-0.004185
-0.008623
-0.020590
-0.027930
-0.025810
-0.015900
-0.006242
-0.005918
-0.016320
-0.027070
-0.025450
-0.014950
-0.009040
-0.012150
-0.016970
-0.020620
-0.020640
-0.016010
-0.010030
-0.008059
-0.011230
-0.016750
-0.014700
-0.005978
-0.000438
-0.004640
-0.011350
-0.011040
-0.005435
0.000557
0.004629
0.002016
-0.005785
-0.012760
-0.005797
0.009034
0.014480
0.009872
0.002822
-0.001615
0.002845
0.012630
0.021440
0.023930
0.013790
-0.001834
-0.004299
0.009872
0.026110
0.030360
0.021850
0.008816
0.002160
0.008653
0.021860
0.033660
0.034790
0.025130
0.012910
0.010340
0.015090
0.024960
0.032330
0.028330
0.016050
0.008974
0.012930
0.025490
0.034990
0.032590
0.022680
0.016810
0.017960
0.020100
0.023150
0.025850
0.023170
0.016070
0.010610
0.012850
0.022280
0.027750
0.024090
0.016810
0.010900
0.007728
0.009089
0.013850
0.017690
0.018230
0.015250
0.014990
0.017530
0.011010
0.000927
-0.001255
0.006215
0.014690
0.014610
0.006783
0.000446
-0.002687
0.002282
0.013970
0.019000
0.009619
0.000604
-0.002170
0.002616
0.007304
0.009208
0.007163
0.002852
-0.004923
-0.006157
0.001530
0.010650
0.009465
0.002374
-0.002378
0.000772
0.002359
0.004532
0.008006
0.007814
0.003508
0.002370
-0.000326
-0.002079
-0.002386
-0.000668
0.001017
-0.003515
-0.016320
-0.020410
